#optical constants for H2SO4 aerosols, 10 um radius
#k and w from Kerber ++ (2015), g for VIS from Kerber++ (2015) and rest from PSG (hri_volcanic_afcrl_h2so4_215k), interpolated to be on one wavelength grid
#wav[um] k[m^2/kg] w(ssa) g(HG)
2.0000000000e-01 2.0541894321e+00 9.9718802496e-01 8.1500310000e-01
2.0465713629e-01 2.0541894321e+00 9.9718802496e-01 8.1518466312e-01
2.0584290234e-01 2.0541894321e+00 9.9719756351e-01 8.1523089139e-01
2.2763033545e-01 2.0576845093e+00 9.9737282621e-01 8.1608029626e-01
2.2798296676e-01 2.0576665627e+00 9.9737566286e-01 8.1609404394e-01
2.5000000000e-01 2.0565460406e+00 9.9745095855e-01 8.1695240000e-01
2.5396682573e-01 2.0563441553e+00 9.9746452464e-01 8.1719143298e-01
2.5497779927e-01 2.0562927034e+00 9.9746762831e-01 8.1725235223e-01
2.8291213807e-01 2.0788876932e+00 9.9755338642e-01 8.1893561962e-01
2.8347892153e-01 2.0793461420e+00 9.9755494841e-01 8.1896977285e-01
3.0000000000e-01 2.0776244890e+00 9.9760047872e-01 8.1996530000e-01
3.1515642896e-01 2.0760450455e+00 9.9764224820e-01 8.2041696158e-01
3.1753602352e-01 2.0757970691e+00 9.9764813515e-01 8.2048787350e-01
3.3700000000e-01 2.0781483712e+00 9.9769628769e-01 8.2106790000e-01
3.5039474060e-01 2.0797664928e+00 9.9772942536e-01 8.2223923817e-01
3.5107569222e-01 2.0799942305e+00 9.9773110998e-01 8.2229878577e-01
3.8956145774e-01 2.0928654242e+00 9.9781657987e-01 8.2566427433e-01
3.9108877480e-01 2.0930949831e+00 9.9781997177e-01 8.2579783457e-01
4.0000000000e-01 2.0944343585e+00 9.9783773720e-01 8.2657710000e-01
4.3310618503e-01 2.0994102861e+00 9.9790373775e-01 8.2598837422e-01
4.3566226076e-01 2.0993763115e+00 9.9790883355e-01 8.2594291964e-01
4.8151829136e-01 2.0987668066e+00 9.9799089898e-01 8.2512746393e-01
4.8531591210e-01 2.0988821730e+00 9.9799769533e-01 8.2505993101e-01
4.8800000000e-01 2.0989637119e+00 9.9800200740e-01 8.2501220000e-01
5.1500000000e-01 2.0997839341e+00 9.9804538375e-01 8.2582390000e-01
5.3534184671e-01 2.1004018909e+00 9.9807806357e-01 8.2392385528e-01
5.4062872952e-01 2.1014813112e+00 9.9808655711e-01 8.2343003021e-01
5.5000000000e-01 2.1033946390e+00 9.9810007202e-01 8.2255470000e-01
5.9518173657e-01 2.1126193724e+00 9.9816523149e-01 8.2253118372e-01
6.0224570408e-01 2.1134819949e+00 9.9817541889e-01 8.2252750706e-01
6.3300000000e-01 2.1172375821e+00 9.9821523381e-01 8.2251150000e-01
6.6171045981e-01 2.1207435846e+00 9.9825240276e-01 8.2125793543e-01
6.7088533826e-01 2.1222676943e+00 9.9826428068e-01 8.2085733918e-01
6.9400000000e-01 2.1261074489e+00 9.9829114358e-01 8.1984810000e-01
7.3567568646e-01 2.1330305184e+00 9.9833957735e-01 8.1866538921e-01
7.4734802432e-01 2.1331419848e+00 9.9835314246e-01 8.1833414092e-01
8.1790866025e-01 2.1338158126e+00 9.9842675526e-01 8.1633170658e-01
8.3252537744e-01 2.1349278275e+00 9.9844200424e-01 8.1591690000e-01
8.6000000000e-01 2.1370180500e+00 9.9846773473e-01 8.1513720000e-01
9.0933354033e-01 2.1407712617e+00 9.9851393649e-01 8.1441981632e-01
9.2741063271e-01 2.1443187194e+00 9.9853086602e-01 8.1415694828e-01
1.0132991607e+00 2.1611735274e+00 9.9860307261e-01 8.1290800025e-01
1.0331102269e+00 2.1625985456e+00 9.9861972780e-01 8.1261991764e-01
1.0600000000e+00 2.1645327382e+00 9.9864002118e-01 8.1222890000e-01
1.1239837101e+00 2.1691351131e+00 9.9868830888e-01 8.1153337041e-01
1.1508567008e+00 2.1718247607e+00 9.9870858958e-01 8.1124124981e-01
1.2413154401e+00 2.1808785400e+00 9.9876987301e-01 8.1025792562e-01
1.2820230710e+00 2.1837638315e+00 9.9879745137e-01 8.0981541671e-01
1.3000000000e+00 2.1850380073e+00 9.9843141821e-01 8.0962000000e-01
1.3893025218e+00 2.1913676267e+00 9.9661310517e-01 8.0799567794e-01
1.4280452628e+00 2.1946355345e+00 9.9582425365e-01 8.0729098689e-01
1.5360000000e+00 2.2037413984e+00 9.9013080144e-01 8.0532740000e-01
1.5445971441e+00 2.2044665581e+00 9.8967739448e-01 8.0550106557e-01
1.5991868694e+00 2.2102556087e+00 9.8679837314e-01 8.0660379870e-01
1.7172504189e+00 2.2227758376e+00 9.8159809517e-01 8.0898872712e-01
1.7580300248e+00 2.2260829921e+00 9.7980189908e-01 8.0981249060e-01
1.8000000000e+00 2.2294866834e+00 9.7505079321e-01 8.1066030000e-01
1.9019610082e+00 2.2377555421e+00 9.6350855280e-01 8.1651133246e-01
1.9092026762e+00 2.2383428287e+00 9.5446094297e-01 8.1692689557e-01
1.9267787427e+00 2.2398733443e+00 9.3250172142e-01 8.1793549815e-01
2.0000000000e+00 2.2462494170e+00 9.3195114640e-01 8.2213730000e-01
2.1226111339e+00 2.2569263370e+00 9.3102919244e-01 8.2335257251e-01
2.1593710459e+00 2.2606127949e+00 9.3075278242e-01 8.2371692206e-01
2.2500000000e+00 2.2697014950e+00 9.2473923591e-01 8.2461520000e-01
2.3598741412e+00 2.2807201936e+00 9.1744870425e-01 8.3083161521e-01
2.3850674728e+00 2.2843022284e+00 9.1577703902e-01 8.3225699345e-01
2.4838765676e+00 2.2983510895e+00 8.9022451048e-01 8.3784737489e-01
2.5000000000e+00 2.3006435492e+00 8.8342347693e-01 8.3875960000e-01
2.5686912237e+00 2.3104101953e+00 8.5444879553e-01 8.4354981683e-01
2.6236581318e+00 2.3182254927e+00 8.4831843157e-01 8.4738296165e-01
2.7000000000e+00 2.3178518920e+00 8.3980415538e-01 8.5270670000e-01
2.7180007404e+00 2.3177638002e+00 8.3779656401e-01 8.5889509054e-01
2.7687749879e+00 2.3175153220e+00 7.5701710893e-01 8.7635053214e-01
2.7697362688e+00 2.3175106177e+00 7.3155555641e-01 8.7668100641e-01
2.7701916604e+00 2.3175083891e+00 7.8092092828e-01 8.7683756337e-01
2.7800582978e+00 2.3174601039e+00 8.0951135392e-01 8.8022956860e-01
2.7914279741e+00 2.3174044631e+00 6.7927741120e-01 8.8413829655e-01
2.7954628304e+00 2.3173847174e+00 7.0509163647e-01 8.8552542097e-01
2.8037523302e+00 2.3173441504e+00 6.5588468174e-01 8.8837522942e-01
2.8184658907e+00 2.3172721454e+00 6.2953598835e-01 8.9343353572e-01
2.8296213900e+00 2.3172175528e+00 5.8070519068e-01 8.9726863277e-01
2.8537511121e+00 2.3170994671e+00 5.6484901744e-01 9.0556407732e-01
2.8701633230e+00 2.3170191492e+00 6.0357329292e-01 9.1120635472e-01
2.9169275906e+00 2.3167902950e+00 5.7009129162e-01 9.2728322404e-01
3.0000000000e+00 2.3150272495e+00 5.1061360360e-01 9.5584230000e-01
3.0062378530e+00 2.3148948635e+00 5.0614746283e-01 9.5588207879e-01
3.2000000000e+00 2.3107826500e+00 5.0402437032e-01 9.5711770000e-01
3.2429783688e+00 2.3098705203e+00 5.0355344732e-01 9.5507454864e-01
3.2903227851e+00 2.3165580138e+00 5.0303468461e-01 9.5282383947e-01
3.3920000000e+00 2.3309201239e+00 5.0264218093e-01 9.4799020000e-01
3.5000000000e+00 2.3461753400e+00 5.0222526946e-01 9.4558880000e-01
3.5640375077e+00 2.3552207661e+00 5.0197806602e-01 9.4427037018e-01
3.5955652308e+00 2.3377652276e+00 5.0185635982e-01 9.4362126480e-01
3.6848428862e+00 2.3459978477e+00 5.0151172206e-01 9.4178318072e-01
3.7500000000e+00 2.3520062241e+00 5.0234824826e-01 9.4044170000e-01
4.0000000000e+00 2.3750596409e+00 5.0555789859e-01 9.3663820000e-01
4.0181554258e+00 2.3767338193e+00 5.0579098887e-01 9.3648849036e-01
4.1179024292e+00 2.3834379406e+00 5.0707160088e-01 9.3566597657e-01
4.4863745204e+00 2.4082034122e+00 5.1078259143e-01 9.3262755570e-01
4.5000000000e+00 2.4087371284e+00 5.1091981764e-01 9.3251520000e-01
4.5876870821e+00 2.4121718707e+00 5.1180293997e-01 9.3145995612e-01
4.9578863274e+00 2.4266727412e+00 5.1157038341e-01 9.2700490436e-01
5.0000000000e+00 2.4274221857e+00 5.1154392790e-01 9.2649810000e-01
5.1575256075e+00 2.4302254726e+00 5.1144497142e-01 9.2752239451e-01
5.3381198789e+00 2.4334392836e+00 5.0255372729e-01 9.2869669070e-01
5.5000000000e+00 2.4215452525e+00 4.9458384173e-01 9.2974930000e-01
5.6565665138e+00 2.4100416350e+00 4.8687556236e-01 9.2456444333e-01
5.7152993708e+00 2.4057262785e+00 5.1106774643e-01 9.2261944604e-01
5.7285918665e+00 2.4047496214e+00 5.1040569313e-01 9.2217925175e-01
6.0000000000e+00 2.4929228791e+00 4.9688779148e-01 9.1319130000e-01
6.1249738019e+00 2.5335235313e+00 4.9066327808e-01 9.0791953011e-01
6.1383343737e+00 2.5378640245e+00 4.9459748502e-01 9.0735594111e-01
6.1878170821e+00 2.5295823935e+00 5.0916835950e-01 9.0526861203e-01
6.2000000000e+00 2.5275434099e+00 5.1017035523e-01 9.0475470000e-01
6.4025004156e+00 2.4936521018e+00 5.2682519557e-01 8.8967192905e-01
6.5000000000e+00 2.4773341676e+00 5.2636299749e-01 8.8240990000e-01
6.6682004306e+00 2.4491834470e+00 5.2556564109e-01 8.9502264957e-01
6.6753413334e+00 2.3660246322e+00 5.2553178954e-01 8.9555812037e-01
6.6789146520e+00 2.5060736851e+00 5.2551485018e-01 8.9582607077e-01
6.8397712594e+00 2.2716799434e+00 5.2475230728e-01 9.0788813327e-01
6.8879988461e+00 2.1730187141e+00 5.2452368375e-01 9.1150454776e-01
6.9367475422e+00 2.1496462358e+00 5.2429258991e-01 9.1516003838e-01
7.0351657960e+00 2.1024597737e+00 4.9996618342e-01 9.2254007174e-01
7.0400484145e+00 2.1001188107e+00 4.9882187549e-01 9.2290620186e-01
7.1352545593e+00 2.0755929063e+00 4.7650902304e-01 9.3004537064e-01
7.2000000000e+00 2.0589139358e+00 4.5142013686e-01 9.3490040000e-01
7.2278731463e+00 2.0517335787e+00 4.4061928066e-01 9.3345842658e-01
7.2625030405e+00 2.0584765007e+00 4.2720018173e-01 9.3166690342e-01
7.2737404077e+00 2.0606645724e+00 4.5359931733e-01 9.3108555589e-01
7.7918709910e+00 2.1615518035e+00 4.5879002702e-01 9.0428088436e-01
7.9000000000e+00 2.1888635362e+00 4.5987327960e-01 8.9868700000e-01
8.0521257120e+00 2.2272881627e+00 4.6139729774e-01 8.7742631616e-01
8.1370589796e+00 2.2487410062e+00 4.6702220688e-01 8.6555626917e-01
8.1521466084e+00 2.3507889754e+00 4.6802142125e-01 8.6344766240e-01
8.2000000000e+00 2.3702190446e+00 4.7119062676e-01 8.5675980000e-01
8.3958333644e+00 2.4497339063e+00 4.8416016053e-01 8.4208019628e-01
8.5000000000e+00 2.4925574969e+00 4.9105884556e-01 8.3427190000e-01
8.5571671779e+00 2.5160593005e+00 4.9484487889e-01 8.3149794844e-01
8.6027786085e+00 2.5348104603e+00 4.9472618138e-01 8.2928472219e-01
8.7000000000e+00 2.5325941609e+00 4.9447317602e-01 8.2456720000e-01
9.0000000000e+00 2.5257552355e+00 4.9369246709e-01 8.4201630000e-01
9.2000000000e+00 2.5211959519e+00 4.9317199447e-01 8.4908080000e-01
9.4374269085e+00 2.5157834688e+00 4.9255412345e-01 8.2944480324e-01
9.4549710223e+00 2.5153835259e+00 4.9265281634e-01 8.2799384655e-01
9.5000000000e+00 2.5265514171e+00 4.9290612295e-01 8.2426980000e-01
9.8000000000e+00 2.6009561123e+00 4.9459374695e-01 8.1548690000e-01
9.9363093337e+00 2.6347629604e+00 4.9536054329e-01 8.1815890371e-01
1.0000000000e+01 2.6332207128e+00 4.9571882961e-01 8.1940740000e-01
1.0591000000e+01 2.6189098510e+00 4.9904344888e-01 8.2331100000e-01
1.0651562636e+01 2.6174433476e+00 4.9938413874e-01 8.2435963686e-01
1.0849300157e+01 2.6126552014e+00 4.9231035473e-01 8.2778344512e-01
1.1000000000e+01 2.6860950207e+00 4.8691927806e-01 8.3039280000e-01
1.1037607876e+01 2.7044222833e+00 4.8557390876e-01 8.2728376443e-01
1.1256888090e+01 2.7211085540e+00 4.7772946495e-01 8.0915591294e-01
1.1500000000e+01 2.7396083130e+00 4.9535215845e-01 7.8905790000e-01
1.1820360802e+01 2.7639863768e+00 5.1857446888e-01 7.7138839994e-01
1.1851220305e+01 2.7663346507e+00 5.2054859721e-01 7.6968634409e-01
1.2229718888e+01 2.8076701783e+00 5.4476171546e-01 7.4881025474e-01
1.2492024388e+01 2.8363163521e+00 5.4657310396e-01 7.3434279489e-01
1.2500000000e+01 2.8362263136e+00 5.4662818070e-01 7.3390290000e-01
1.3000000000e+01 2.8305816961e+00 5.5008100288e-01 7.3177140000e-01
1.3567477646e+01 2.8241753077e+00 5.5399980170e-01 7.4186858650e-01
1.3888368365e+01 2.8205526970e+00 5.5311886109e-01 7.4757822716e-01
1.4000000000e+01 2.8101012934e+00 5.5281239900e-01 7.4956450000e-01
1.4651862852e+01 2.7490712662e+00 5.5102284131e-01 7.7200316753e-01
1.4794791671e+01 2.7218853605e+00 5.5063045913e-01 7.7692311693e-01
1.4800000000e+01 2.7208947054e+00 5.5026042557e-01 7.7710240000e-01
1.5000000000e+01 2.6828535239e+00 5.3605112652e-01 7.8378520000e-01
1.5073388832e+01 2.6688945345e+00 5.3083710724e-01 7.8397440689e-01
1.5315665475e+01 2.6280498163e+00 5.1362420084e-01 7.8459903069e-01
1.5552752068e+01 2.5880800739e+00 4.9083888339e-01 7.8521027379e-01
1.5716088937e+01 2.5482878451e+00 4.7514131746e-01 7.8563137958e-01
1.5852746189e+01 2.5149953209e+00 4.6794406505e-01 7.8598370150e-01
1.6150468234e+01 2.5589182717e+00 4.5226410174e-01 7.8675127146e-01
1.6400000000e+01 2.5957317079e+00 4.5399714990e-01 7.8739460000e-01
1.7040014645e+01 2.6901531061e+00 4.5844217996e-01 7.5082888330e-01
1.7200000000e+01 2.7431957548e+00 4.5955331034e-01 7.4168850000e-01
1.7351473346e+01 2.7934162732e+00 4.6060532310e-01 7.2269075086e-01
1.7925403787e+01 2.8539589776e+00 4.6459138512e-01 6.5070853836e-01
1.8000000000e+01 2.8618279738e+00 4.6762027170e-01 6.4135270000e-01
1.8174696789e+01 2.8802563673e+00 4.7471361785e-01 6.2350522185e-01
1.8500000000e+01 2.8764296861e+00 4.8792215075e-01 5.9027140000e-01
1.8827287239e+01 2.8725796659e+00 5.0121124262e-01 5.8735740898e-01
1.9227274650e+01 2.8678744424e+00 5.3130592817e-01 5.8379613439e-01
1.9854490708e+01 2.8604962308e+00 5.3831446713e-01 5.7821173713e-01
2.0000000000e+01 2.8518038688e+00 5.3994039415e-01 5.7691620000e-01
2.0499723559e+01 2.8219516305e+00 5.4552432650e-01 6.1513355864e-01
2.0965029449e+01 2.7941554178e+00 5.3308651171e-01 6.5071875717e-01
2.1300000000e+01 2.8060234140e+00 5.2413261328e-01 6.7633630000e-01
2.1692469586e+01 2.8199285992e+00 5.1364174238e-01 6.6765258336e-01
2.2500000000e+01 2.8485393767e+00 5.0673668603e-01 6.4978530000e-01
2.2891267173e+01 2.8624019605e+00 5.0339102644e-01 6.2483968580e-01
2.3362434239e+01 2.8745599476e+00 4.9936215633e-01 5.9479997714e-01
2.3763572524e+01 2.8849109132e+00 5.2603069046e-01 5.6922502070e-01
2.4481250353e+01 2.9034298600e+00 5.4902161983e-01 5.2346878173e-01
2.4516702186e+01 2.8999766695e+00 5.5015732522e-01 5.2120851612e-01
2.5000000000e+01 2.8529009814e+00 5.6469955412e-01 4.9039540000e-01
2.5252393104e+01 2.8283165974e+00 5.7229395696e-01 4.9039540000e-01
2.5339821997e+01 2.8198005744e+00 5.9272334278e-01 4.9039540000e-01
2.5579059408e+01 2.7964976224e+00 5.8819441973e-01 4.9039540000e-01
2.6101766614e+01 2.7159736732e+00 5.7829922527e-01 4.9039540000e-01
2.6600392027e+01 2.6594468913e+00 5.6885991515e-01 4.9039540000e-01
2.6737982224e+01 2.6438489477e+00 5.6577559183e-01 4.9039540000e-01
2.7220617382e+01 2.5844622452e+00 5.5495648621e-01 4.9039540000e-01
2.7491013106e+01 2.5633482873e+00 5.4889509624e-01 4.9039540000e-01
2.8165630843e+01 2.5106704927e+00 5.3976276466e-01 4.9039540000e-01
2.9006688220e+01 2.4304011060e+00 5.2837733193e-01 4.9039540000e-01
3.0020173939e+01 2.4050539687e+00 5.1465772876e-01 4.9039540000e-01
3.1313952346e+01 2.3726967503e+00 4.9035779138e-01 4.9039540000e-01
3.1783335368e+01 2.3672584999e+00 4.8154177004e-01 4.9039540000e-01
3.3211263566e+01 2.3507145887e+00 4.5278522224e-01 4.9039540000e-01
3.4834833206e+01 2.3319039846e+00 4.3451228938e-01 4.9039540000e-01
3.5943657054e+01 2.3501212479e+00 4.2203271152e-01 4.9039540000e-01
3.8674294435e+01 2.3949838652e+00 4.2531480018e-01 4.9039540000e-01
4.0044403940e+01 2.3810656553e+00 4.2696160284e-01 4.9039540000e-01
4.1645609888e+01 2.3647998601e+00 4.2511939611e-01 4.9039540000e-01
4.3490553718e+01 2.3056731841e+00 4.2299676603e-01 4.9039540000e-01
4.4603285673e+01 2.2782147472e+00 4.2171655451e-01 4.9039540000e-01
4.6300707792e+01 2.2363281474e+00 4.1936804670e-01 4.9039540000e-01
4.8585322092e+01 2.1913005707e+00 4.1620711549e-01 4.9039540000e-01
4.9679286105e+01 2.1913005707e+00 4.1469353616e-01 4.9039540000e-01
