#optical constants for H2SO4 aerosols, 1 um radius
#k and w from Kerber ++ (2015), g for VIS from Kerber++ (2015) and rest from PSG (hri_volcanic_afcrl_h2so4_215k), interpolated to be on one wavelength grid
#wav[um] k[m^2/kg] w(ssa) g(HG)
2.0000000000e-01 2.2325139643e+00 9.9777260329e-01 7.6161250000e-01
2.0266141680e-01 2.2325139643e+00 9.9777260329e-01 7.6137224858e-01
2.0430644651e-01 2.2325139643e+00 9.9784223251e-01 7.6122374846e-01
2.2576360246e-01 2.2453253428e+00 9.9875045009e-01 7.5928676808e-01
2.2772781088e-01 2.2464981085e+00 9.9868181706e-01 7.5910945506e-01
2.5000000000e-01 2.2648510694e+00 9.9790358606e-01 7.5709890000e-01
2.5148919832e-01 2.2660782141e+00 9.9785155075e-01 7.5714036822e-01
2.5253342979e-01 2.2669386926e+00 9.9784039297e-01 7.5716944589e-01
2.8014975983e-01 2.2894121872e+00 9.9754530808e-01 7.5793845021e-01
2.8076132327e-01 2.2899098626e+00 9.9754701010e-01 7.5795547981e-01
3.0000000000e-01 2.3056728605e+00 9.9760055261e-01 7.5849120000e-01
3.1207921470e-01 2.3155698320e+00 9.9763416986e-01 7.5597356519e-01
3.1214449789e-01 2.3156233211e+00 9.9763433296e-01 7.5595995841e-01
3.3700000000e-01 2.3421645533e+00 9.9769643008e-01 7.5077940000e-01
3.4764775922e-01 2.3535344563e+00 9.9772303164e-01 7.4784607754e-01
3.4815175172e-01 2.3540726302e+00 9.9773923499e-01 7.4770723401e-01
3.8489885421e-01 2.3840576048e+00 9.9892065381e-01 7.3758387390e-01
3.8727997391e-01 2.3868462828e+00 9.9899720678e-01 7.3692790566e-01
4.0000000000e-01 2.4017434998e+00 9.9885200588e-01 7.3342370000e-01
4.2484195955e-01 2.4308374701e+00 9.9856843138e-01 7.2781726494e-01
4.3141388868e-01 2.4383048803e+00 9.9849341188e-01 7.2633408509e-01
4.7233030036e-01 2.4847965002e+00 9.9889611161e-01 7.1709990192e-01
4.8058740448e-01 2.4933654319e+00 9.9897737812e-01 7.1523640488e-01
4.8800000000e-01 2.5010579624e+00 9.9898940385e-01 7.1356350000e-01
5.1500000000e-01 2.5290776109e+00 9.9903320698e-01 7.1343950000e-01
5.2551608965e-01 2.5399908382e+00 9.9905026764e-01 7.1021250268e-01
5.3536130061e-01 2.5516875240e+00 9.9906623990e-01 7.0719137312e-01
5.5000000000e-01 2.5690791541e+00 9.9908755902e-01 7.0269930000e-01
5.6685329035e-01 2.5891018477e+00 9.9911210337e-01 7.0200890395e-01
5.9637793151e-01 2.6247051775e+00 9.9915510168e-01 7.0079942524e-01
6.1895982424e-01 2.6519363492e+00 9.9925025278e-01 6.9987435665e-01
6.3300000000e-01 2.6768333652e+00 9.9930941250e-01 6.9929920000e-01
6.5494617337e-01 2.7157498460e+00 9.9940188493e-01 6.9824351711e-01
6.6435160773e-01 2.7248302475e+00 9.9944151569e-01 6.9779108488e-01
6.9400000000e-01 2.7534540514e+00 9.9901207910e-01 6.9636490000e-01
7.1773844081e-01 2.7763721397e+00 9.9866824409e-01 6.9789808867e-01
7.4005085447e-01 2.8247001373e+00 9.9834506411e-01 6.9933917489e-01
7.4895503373e-01 2.8439863141e+00 9.9835444505e-01 6.9991426686e-01
8.2439652865e-01 2.8801469185e+00 9.9843392590e-01 7.0478678760e-01
8.2892494879e-01 2.8823174801e+00 9.9843820866e-01 7.0507926353e-01
8.6000000000e-01 2.9048036689e+00 9.9846759798e-01 7.0708630000e-01
9.1835531618e-01 2.9470301049e+00 9.9852278768e-01 7.1353289931e-01
9.1876728393e-01 2.9473282085e+00 9.9852313743e-01 7.1357841001e-01
1.0207634353e+00 2.9841252022e+00 9.9860973124e-01 7.2484607784e-01
1.0230228506e+00 2.9838850002e+00 9.9861164946e-01 7.2509567884e-01
1.0600000000e+00 2.9799539017e+00 9.9863983081e-01 7.2918060000e-01
1.1348631865e+00 2.9719950793e+00 9.9869688621e-01 7.3599003067e-01
1.1396196378e+00 2.9696728270e+00 9.9870051124e-01 7.3642266955e-01
1.2456152696e+00 2.9179223543e+00 9.9877302857e-01 7.4606385556e-01
1.2695052883e+00 2.9002115905e+00 9.9878937302e-01 7.4823685185e-01
1.3000000000e+00 2.8776044655e+00 9.9812955359e-01 7.5101060000e-01
1.3239737297e+00 2.8598316429e+00 9.9761082978e-01 7.5177624575e-01
1.4041020207e+00 2.7984795208e+00 9.9587707987e-01 7.5433529212e-01
1.4241467796e+00 2.7780392988e+00 9.9544336789e-01 7.5497545887e-01
1.4977111245e+00 2.7030236027e+00 1.0008481307e+00 7.5732487337e-01
1.5360000000e+00 2.6630517778e+00 1.0036612094e+00 7.5854770000e-01
1.5756305030e+00 2.6216793555e+00 1.0065728573e+00 7.5900109397e-01
1.5758105980e+00 2.6214913447e+00 1.0065708653e+00 7.5900315435e-01
1.7551316262e+00 2.3980948436e+00 1.0045874207e+00 7.6105468201e-01
1.8000000000e+00 2.3421982328e+00 1.0029209189e+00 7.6156800000e-01
1.8370377021e+00 2.2960570014e+00 1.0015452640e+00 7.6072000329e-01
1.8818144438e+00 2.2147881584e+00 9.9988216552e-01 7.5969481740e-01
1.9377072974e+00 2.1479021657e+00 9.9780619228e-01 7.5841512257e-01
1.9548548425e+00 2.1192219521e+00 9.9716929789e-01 7.5802252095e-01
1.9863273922e+00 2.0665823793e+00 9.9660930243e-01 7.5730194119e-01
2.0000000000e+00 2.0470099448e+00 9.9636602381e-01 7.5698890000e-01
2.0408668245e+00 1.9885087976e+00 9.9563887471e-01 7.5592271724e-01
2.1002384140e+00 1.9110040164e+00 9.9458246775e-01 7.5437375997e-01
2.1431567143e+00 1.8413613157e+00 9.9381881645e-01 7.5325405585e-01
2.1774664224e+00 1.7925480865e+00 9.9320833904e-01 7.5235894301e-01
2.1925130205e+00 1.7711409373e+00 9.9275787304e-01 7.5196638931e-01
2.2500000000e+00 1.6889279573e+00 9.9103682425e-01 7.5046660000e-01
2.2535533698e+00 1.6838462306e+00 9.9093044324e-01 7.5039355835e-01
2.3148446942e+00 1.6067604244e+00 9.8909549973e-01 7.4913367840e-01
2.3530642954e+00 1.5322267576e+00 9.8795127891e-01 7.4834805157e-01
2.4173947216e+00 1.4644784199e+00 9.8602535058e-01 7.4702570106e-01
2.4252487486e+00 1.4492526490e+00 9.8579021623e-01 7.4686425682e-01
2.4552043150e+00 1.3911809625e+00 9.8325041477e-01 7.4624850218e-01
2.4816238953e+00 1.3215148245e+00 9.8101041411e-01 7.4570543186e-01
2.5000000000e+00 1.2951240778e+00 9.7945238457e-01 7.4532770000e-01
2.5451486776e+00 1.2302840406e+00 9.7562442566e-01 7.4487391064e-01
2.5901758904e+00 1.1341837143e+00 9.7180676522e-01 7.4442134213e-01
2.6667788326e+00 1.0416170549e+00 9.6531193680e-01 7.4365140595e-01
2.7000000000e+00 1.0152515919e+00 9.6249525931e-01 7.4331750000e-01
2.7003080721e+00 1.0150070953e+00 9.6246913923e-01 7.4330186883e-01
2.7340749618e+00 9.8820852822e-01 8.8818222823e-01 7.4158858187e-01
2.7449691821e+00 9.7956249965e-01 8.7871249354e-01 7.4103582366e-01
2.7495834318e+00 9.0746939716e-01 8.7470158507e-01 7.4080170278e-01
2.7615571174e+00 9.0942935326e-01 8.6429353173e-01 7.4019417394e-01
2.7823280910e+00 9.1282932529e-01 9.2788817285e-01 7.3914028243e-01
2.7913414362e+00 9.1430470734e-01 6.7782869488e-01 7.3868295732e-01
2.9310106333e+00 9.3716696569e-01 5.7259766703e-01 7.3159632848e-01
3.0000000000e+00 1.0267651801e+00 5.2061897653e-01 7.2809590000e-01
3.0195136641e+00 1.0521080633e+00 5.0591678755e-01 7.2567905465e-01
3.0321545243e+00 1.0582733145e+00 4.9639277840e-01 7.2411343355e-01
3.0619239482e+00 1.0727925778e+00 4.7078020722e-01 7.2042637132e-01
3.0724509253e+00 1.0779268374e+00 4.4562564577e-01 7.1912256310e-01
3.1894663281e+00 1.1349980606e+00 4.3695588778e-01 7.0462973740e-01
3.2000000000e+00 1.1416205134e+00 4.3617544022e-01 7.0332510000e-01
3.3134197408e+00 1.2129267863e+00 4.2777208749e-01 6.8736475678e-01
3.3222991460e+00 1.2140459983e+00 4.2711420577e-01 6.8611525335e-01
3.3920000000e+00 1.2228315002e+00 4.3891222126e-01 6.7630700000e-01
3.4597492481e+00 1.2313710104e+00 4.5037989536e-01 6.6897176382e-01
3.5000000000e+00 1.2364444498e+00 4.5534103772e-01 6.6461380000e-01
3.5332724230e+00 1.2406382999e+00 4.5944205992e-01 6.6134453157e-01
3.6685356140e+00 1.1692582515e+00 4.7611404529e-01 6.4805389505e-01
3.7164320310e+00 1.1433354311e+00 4.8201756092e-01 6.4334770807e-01
3.7500000000e+00 1.1251675495e+00 4.8276801325e-01 6.4004940000e-01
3.8135121951e+00 1.0907930528e+00 4.8418790477e-01 6.3436838658e-01
4.0000000000e+00 1.0286733219e+00 4.8835706398e-01 6.1768750000e-01
4.0692799058e+00 1.0055959463e+00 4.8990589961e-01 6.1147390995e-01
4.0996549847e+00 9.9058080250e-01 4.9058497104e-01 6.0874962380e-01
4.2469955523e+00 9.1774675906e-01 4.8954400373e-01 5.9553491351e-01
4.4044492477e+00 8.5968145367e-01 4.8843158674e-01 5.8141317498e-01
4.4138317167e+00 8.5622141466e-01 4.8678834367e-01 5.8057167823e-01
4.4947658410e+00 8.3892922339e-01 4.7261356319e-01 5.7331284230e-01
4.5000000000e+00 8.3781090550e-01 4.7221943115e-01 5.7284340000e-01
4.6990326654e+00 7.9528606262e-01 4.5723227629e-01 5.5650456966e-01
4.9124561210e+00 7.2812916508e-01 4.4116149528e-01 5.3898438208e-01
4.9649414137e+00 7.1161387901e-01 4.3142192886e-01 5.3467580142e-01
5.0000000000e+00 7.1358120122e-01 4.2491619341e-01 5.3179780000e-01
5.0794711432e+00 7.1804074629e-01 4.1016892923e-01 5.2361518089e-01
5.1419277416e+00 7.2154551550e-01 3.8102079595e-01 5.1718443717e-01
5.2879693071e+00 7.2974067813e-01 3.4895864494e-01 5.0214750105e-01
5.3456664137e+00 7.3297836714e-01 3.2114064361e-01 4.9620681078e-01
5.4883570662e+00 7.4098549237e-01 3.0057174969e-01 4.8151489605e-01
5.5000000000e+00 7.4386471036e-01 2.9889341781e-01 4.8031610000e-01
5.5204173662e+00 7.4891378554e-01 2.9595024927e-01 4.7909107845e-01
5.7208649679e+00 7.9848310808e-01 2.8144529409e-01 4.6706442279e-01
5.7932056616e+00 8.1637246743e-01 2.9094469200e-01 4.6272405351e-01
5.8175820813e+00 6.7463192142e-01 2.9414567472e-01 4.6126149270e-01
6.0000000000e+00 7.0746655437e-01 3.1809983258e-01 4.5031660000e-01
6.0778353927e+00 7.2147667228e-01 3.2832076535e-01 4.4748047288e-01
6.1299637095e+00 7.3085960001e-01 2.9946263238e-01 4.4558104734e-01
6.1308304409e+00 7.3101560885e-01 3.0606599646e-01 4.4554946581e-01
6.1372495855e+00 7.2111941412e-01 3.5497151536e-01 4.4531556823e-01
6.1901731380e+00 6.3952882633e-01 3.6018863384e-01 4.4338716628e-01
6.2000000000e+00 6.3089442218e-01 3.6115735005e-01 4.4302910000e-01
6.2762951631e+00 5.6385742979e-01 3.6867840421e-01 4.3826762060e-01
6.3230668990e+00 5.4154139897e-01 3.7328908652e-01 4.3534865892e-01
6.4264617779e+00 4.9220897074e-01 3.6209567613e-01 4.2889592239e-01
6.5000000000e+00 4.8205346166e-01 3.5413451299e-01 4.2430650000e-01
6.7349875635e+00 4.4960206064e-01 3.2869503027e-01 3.9875657078e-01
6.7528488134e+00 4.4713545103e-01 3.1191654353e-01 3.9681453749e-01
6.7975533686e+00 4.5180931814e-01 2.6992201399e-01 3.9195386229e-01
6.8501076563e+00 4.5730387581e-01 2.9357823211e-01 3.8623969465e-01
6.8880419703e+00 4.6126991331e-01 2.4597099847e-01 3.8211514005e-01
7.0791109292e+00 4.8124619802e-01 2.1958277769e-01 3.6134043051e-01
7.1498501882e+00 4.8864199682e-01 1.5517297730e-01 3.5364903172e-01
7.1684149438e+00 4.9058294445e-01 1.8858554385e-01 3.5163050706e-01
7.2000000000e+00 4.9388516622e-01 1.3969332911e-01 3.4819630000e-01
7.2100993727e+00 4.9494105696e-01 1.2405996453e-01 3.4710831766e-01
7.4254759746e+00 5.1745870893e-01 1.1883207205e-01 3.2390628863e-01
7.4577336440e+00 6.1112767797e-01 1.1804907322e-01 3.2043124364e-01
7.5039184539e+00 6.9932047701e-01 1.1692801728e-01 3.1545585963e-01
7.6318733886e+00 7.9999757142e-01 1.1382213375e-01 3.0167156699e-01
7.6758681168e+00 9.1711513976e-01 1.1275423823e-01 2.9693211548e-01
7.7006715009e+00 9.8314377891e-01 1.1404325068e-01 2.9426010360e-01
7.7918709910e+00 8.8666904617e-01 1.1878281679e-01 2.8443539099e-01
7.9000000000e+00 1.0249346864e+00 1.2440219674e-01 2.7278690000e-01
7.9434421278e+00 1.0804845677e+00 1.2665985011e-01 2.6822772109e-01
7.9543807873e+00 1.3055805110e+00 1.2722832369e-01 2.6707972701e-01
8.1020683389e+00 1.1952026185e+00 1.3490353013e-01 2.5158016461e-01
8.1837676695e+00 1.2112443097e+00 1.3914938039e-01 2.4300595603e-01
8.2000000000e+00 1.2144315333e+00 1.4141840742e-01 2.4130240000e-01
8.3922271842e+00 1.2521754059e+00 1.6828877436e-01 2.3430930319e-01
8.5000000000e+00 1.2733366347e+00 1.7676934153e-01 2.3038860000e-01
8.6628372806e+00 1.3053097898e+00 1.8958289274e-01 2.3999038167e-01
8.7000000000e+00 1.2727084768e+00 1.9250720102e-01 2.4218170000e-01
8.7143406310e+00 1.2601280357e+00 1.9363565520e-01 2.4305518305e-01
8.7466882586e+00 1.2317508031e+00 1.9639460676e-01 2.4502546627e-01
8.8811153167e+00 1.1516314415e+00 2.0785998363e-01 2.5321337357e-01
9.0000000000e+00 1.0428200187e+00 2.1799974059e-01 2.6045460000e-01
9.0267861607e+00 1.0183034857e+00 2.2028435078e-01 2.5975813304e-01
9.0320975364e+00 1.0134421501e+00 2.2004857564e-01 2.5962003196e-01
9.0393508466e+00 1.0866056759e+00 2.1972659686e-01 2.5943143864e-01
9.2000000000e+00 1.0921250877e+00 2.1259528489e-01 2.5525440000e-01
9.5000000000e+00 1.1024321667e+00 1.9927810552e-01 2.2982590000e-01
9.5533351567e+00 1.1042645989e+00 1.9691052602e-01 2.3888332965e-01
9.6776587909e+00 1.1085359773e+00 2.3277006148e-01 2.5999609353e-01
9.7096280251e+00 1.0095470445e+00 2.4199117132e-01 2.6542514085e-01
9.7585057216e+00 8.5820306840e-01 2.5464937095e-01 2.7372560015e-01
9.8000000000e+00 8.0421763798e-01 2.6539543505e-01 2.8077220000e-01
9.8185090053e+00 7.8013680909e-01 2.7018884188e-01 2.8236144798e-01
9.8830065173e+00 7.3836831229e-01 2.8689221461e-01 2.8789943010e-01
9.9396246893e+00 7.0170246483e-01 2.9291257081e-01 2.9276086451e-01
1.0000000000e+01 6.7000928535e-01 2.9933243326e-01 2.9794490000e-01
1.0121002687e+01 6.0649060822e-01 3.1219896091e-01 2.9070570441e-01
1.0194879429e+01 5.7704566758e-01 3.2005446541e-01 2.8628590016e-01
1.0322851912e+01 5.2603987012e-01 2.4523983368e-01 2.7862972441e-01
1.0355681239e+01 5.3386063168e-01 2.2604731698e-01 2.7666565298e-01
1.0591000000e+01 5.8991940841e-01 2.5232309362e-01 2.6258730000e-01
1.0728909049e+01 6.2277277103e-01 2.6772206713e-01 2.5055802306e-01
1.1000000000e+01 6.8735337252e-01 2.1687984957e-01 2.2691180000e-01
1.1021670858e+01 6.9251590954e-01 2.1281555125e-01 2.2848588014e-01
1.1058200408e+01 6.6957784244e-01 2.0596455425e-01 2.3113923317e-01
1.1128353906e+01 6.2552622724e-01 2.1655215358e-01 2.3623488864e-01
1.1167403241e+01 5.4702137970e-01 2.2244549780e-01 2.3907126833e-01
1.1247393924e+01 5.1944720381e-01 2.3451772975e-01 2.4488145558e-01
1.1273750803e+01 5.1036153031e-01 2.9804474840e-01 2.4679590860e-01
1.1369138991e+01 4.7747956758e-01 3.2508100409e-01 2.5372450590e-01
1.1381158863e+01 4.7367714186e-01 3.2848784451e-01 2.5459757892e-01
1.1500000000e+01 4.3608234899e-01 2.8535105401e-01 2.6322970000e-01
1.1536018839e+01 4.2468797128e-01 2.7227698585e-01 2.6159829150e-01
1.1590296826e+01 4.0751740468e-01 2.8458529746e-01 2.5913986780e-01
1.1971671504e+01 3.3740033740e-01 3.7106747312e-01 2.4186618824e-01
1.2030375302e+01 3.2660743889e-01 3.7352276557e-01 2.3920730536e-01
1.2325649442e+01 3.0694898828e-01 3.8587263701e-01 2.2583339471e-01
1.2500000000e+01 2.9534126046e-01 3.6738976332e-01 2.1793650000e-01
1.2726828468e+01 2.8023971363e-01 3.4334371513e-01 2.1121679736e-01
1.2877232304e+01 2.7022628547e-01 3.6834330412e-01 2.0676114388e-01
1.2934741483e+01 2.6639749993e-01 3.5779331856e-01 2.0505745745e-01
1.3000000000e+01 2.6597680087e-01 3.4582172692e-01 2.0312420000e-01
1.3191522577e+01 2.6474212114e-01 3.1068715451e-01 1.9752685694e-01
1.3566811687e+01 2.6232276220e-01 2.8424146184e-01 1.8655884505e-01
1.3880652957e+01 2.6029953621e-01 2.5250981709e-01 1.7738667700e-01
1.4000000000e+01 2.5953014715e-01 2.4449712028e-01 1.7389870000e-01
1.4342018494e+01 2.5732527236e-01 2.2153475412e-01 1.6369987951e-01
1.4509012034e+01 2.5624872283e-01 2.0965875228e-01 1.5872021565e-01
1.4767583484e+01 2.7158412520e-01 1.9127004685e-01 1.5100974431e-01
1.4800000000e+01 2.7350668982e-01 1.8821223449e-01 1.5004310000e-01
1.5000000000e+01 2.8536832604e-01 1.6934646661e-01 1.4535670000e-01
1.5073675951e+01 2.8973791269e-01 1.6239669966e-01 1.4385354746e-01
1.5423554947e+01 3.1048859958e-01 1.3423855518e-01 1.3671524120e-01
1.5778799172e+01 3.3155748839e-01 1.0810843403e-01 1.2946747241e-01
1.5798120498e+01 3.3270340112e-01 1.0762178225e-01 1.2907327457e-01
1.6400000000e+01 3.9728991523e-01 9.2462070903e-02 1.1679360000e-01
1.6543457539e+01 4.1268406367e-01 8.8848764782e-02 1.1753794738e-01
1.6563394742e+01 4.1482348591e-01 8.9482138162e-02 1.1764139404e-01
1.6875269454e+01 4.7207894953e-01 9.9389904505e-02 1.1925959497e-01
1.7200000000e+01 4.1657117487e-01 1.0970608032e-01 1.2094450000e-01
1.7562900183e+01 3.5453887806e-01 1.2123484514e-01 1.3672920636e-01
1.7641733571e+01 3.4106350283e-01 1.2521951581e-01 1.4015814341e-01
1.7917661522e+01 2.5298511038e-01 1.3916642383e-01 1.5215990557e-01
1.8000000000e+01 2.5005974828e-01 1.4332826090e-01 1.5574130000e-01
1.8262663668e+01 2.4072770379e-01 1.5660471949e-01 1.4481449142e-01
1.8500000000e+01 2.3229550140e-01 1.6359716885e-01 1.3494130000e-01
1.8941983076e+01 2.1659250844e-01 1.7661896055e-01 1.2628408910e-01
1.9532004527e+01 1.9562993498e-01 1.6506458512e-01 1.1472722092e-01
2.0000000000e+01 1.9736588906e-01 1.5589984141e-01 1.0556050000e-01
2.0395298421e+01 1.9883218510e-01 1.4815872226e-01 9.9862553015e-02
2.1004340940e+01 2.0109133057e-01 1.1531577531e-01 9.1083636120e-02
2.1300000000e+01 2.0218803039e-01 1.1354967078e-01 8.6821920000e-02
2.1631758375e+01 2.0341863484e-01 1.1156792880e-01 8.6351085749e-02
2.2420164825e+01 1.7109933623e-01 1.0685842253e-01 8.5232172746e-02
2.2500000000e+01 1.6782663741e-01 1.0758595257e-01 8.5118870000e-02
2.3334685624e+01 1.3361020763e-01 1.1519236006e-01 8.1221018347e-02
2.4600859020e+01 1.2754731109e-01 1.2673087292e-01 7.5308186112e-02
2.5000000000e+01 1.2563607960e-01 1.2670730566e-01 7.3444260000e-02
2.6080822167e+01 1.2046071184e-01 1.2664348859e-01 7.3444260000e-02
2.6220895310e+01 1.2047574739e-01 1.2663521798e-01 7.3444260000e-02
2.6648147301e+01 1.2052160892e-01 9.5915584547e-02 7.3444260000e-02
2.7832968342e+01 1.2064878846e-01 6.5451284481e-02 7.3444260000e-02
2.9141948277e+01 1.2078929531e-01 5.1532138821e-02 7.3444260000e-02
2.9857306423e+01 1.2711722582e-01 4.3925319221e-02 7.3444260000e-02
3.1802694889e+01 1.4432578507e-01 3.2979985645e-02 7.3444260000e-02
3.2304064481e+01 1.4876081102e-01 3.1767630095e-02 7.3444260000e-02
3.4629270148e+01 1.7876565032e-01 2.6145079308e-02 7.3444260000e-02
3.5697135437e+01 1.9254556099e-01 2.4610574149e-02 7.3444260000e-02
3.6678815978e+01 1.8773965671e-01 2.3199915081e-02 7.3444260000e-02
3.9687319775e+01 1.7301125914e-01 2.3501733905e-02 7.3444260000e-02
4.0486986672e+01 1.7159108760e-01 2.3581958010e-02 7.3444260000e-02
4.4331429469e+01 1.6476353445e-01 1.9004736626e-02 7.3444260000e-02
4.8140504380e+01 1.5799879302e-01 1.8395541796e-02 7.3444260000e-02
5.0493915751e+01 1.5381924294e-01 1.7055994298e-02 7.3444260000e-02
5.0830217123e+01 1.5381924294e-01 1.6864573595e-02 7.3444260000e-02
