tot_time [s],surface_temp [K],precip_rate [m/s],"atm(pres [Pa], temp [K], xfrac [mol/mol])"
0,235.151,2.23853e-06,"{'alt': tensor([[  500.0000,  1753.1646,  3006.3291,  4259.4937,  5512.6582,  6765.8228,
          8018.9873,  9272.1519, 10525.3165, 11778.4810, 13031.6456, 14284.8101,
         15537.9747, 16791.1392, 18044.3038, 19297.4684, 20550.6329, 21803.7975,
         23056.9620, 24310.1266, 25563.2911, 26816.4557, 28069.6203, 29322.7848,
         30575.9494, 31829.1139, 33082.2785, 34335.4430, 35588.6076, 36841.7722,
         38094.9367, 39348.1013, 40601.2658, 41854.4304, 43107.5949, 44360.7595,
         45613.9241, 46867.0886, 48120.2532, 49373.4177, 50626.5823, 51879.7468,
         53132.9114, 54386.0759, 55639.2405, 56892.4051, 58145.5696, 59398.7342,
         60651.8987, 61905.0633, 63158.2278, 64411.3924, 65664.5570, 66917.7215,
         68170.8861, 69424.0506, 70677.2152, 71930.3797, 73183.5443, 74436.7089,
         75689.8734, 76943.0380, 78196.2025, 79449.3671, 80702.5316, 81955.6962,
         83208.8608, 84462.0253, 85715.1899, 86968.3544, 88221.5190, 89474.6835,
         90727.8481, 91981.0127, 93234.1772, 94487.3418, 95740.5063, 96993.6709,
         98246.8354, 99500.0000]], dtype=torch.float64), 'dz': tensor([1250., 1250., 1250., 1250., 1250., 1250., 1250., 1250., 1250., 1250.,
        1250., 1250., 1250., 1250., 1250., 1250., 1250., 1250., 1250., 1250.,
        1250., 1250., 1250., 1250., 1250., 1250., 1250., 1250., 1250., 1250.,
        1250., 1250., 1250., 1250., 1250., 1250., 1250., 1250., 1250., 1250.,
        1250., 1250., 1250., 1250., 1250., 1250., 1250., 1250., 1250., 1250.,
        1250., 1250., 1250., 1250., 1250., 1250., 1250., 1250., 1250., 1250.,
        1250., 1250., 1250., 1250., 1250., 1250., 1250., 1250., 1250., 1250.,
        1250., 1250., 1250., 1250., 1250., 1250., 1250., 1250., 1250., 1250.],
       dtype=torch.float64), 'temp': tensor([[187.1475, 184.1343, 180.6497, 176.4631, 171.4204, 165.5731, 159.1313,
         152.3118, 145.2988, 138.2110, 131.1049, 123.9998, 116.9041, 109.8213,
         102.7537, 100.0748, 100.0754, 100.0616, 100.0411, 100.0262, 100.0213,
         100.0207, 100.0212, 100.0225, 100.0245, 100.0271, 100.0303, 100.0341,
         100.0385, 100.0434, 100.0489, 100.0547, 100.0610, 100.0677, 100.0750,
         100.0828, 100.0912, 100.1004, 100.1118, 100.1465, 100.2728, 100.3374,
         100.3915, 100.4557, 100.5317, 100.6215, 100.7272, 100.8509, 100.9964,
         101.1668, 101.3654, 101.5966, 101.8672, 102.1825, 102.5474, 102.9671,
         103.4490, 103.9952, 104.6063, 105.2817, 106.0210, 106.8168, 107.6591,
         108.5374, 109.4345, 110.3330, 111.2105, 112.0474, 112.8052, 113.4676,
         114.0083, 114.4073, 114.6192, 114.6508, 114.5012, 114.1801, 113.6844,
         113.0720, 112.3763, 111.6497]], dtype=torch.float64), 'xCO2': tensor([[9.9139e-01, 7.8422e-01, 7.5623e-01, 5.8980e-01, 3.4741e-01, 1.8756e-01,
         9.2229e-02, 4.0701e-02, 1.5764e-02, 5.9745e-03, 1.9758e-03, 5.4073e-04,
         1.1471e-04, 2.7261e-05, 9.9092e-06, 7.7584e-06, 8.9781e-06, 1.0951e-05,
         1.3439e-05, 1.6601e-05, 2.0701e-05, 2.6119e-05, 3.3033e-05, 4.1827e-05,
         5.3132e-05, 6.7893e-05, 8.6638e-05, 1.1040e-04, 1.4096e-04, 1.8076e-04,
         2.3131e-04, 2.9539e-04, 3.7800e-04, 4.8541e-04, 6.2187e-04, 7.9497e-04,
         1.0188e-03, 1.3099e-03, 1.6841e-03, 2.1781e-03, 2.8815e-03, 3.7786e-03,
         4.9201e-03, 6.3974e-03, 8.3819e-03, 1.1055e-02, 1.4598e-02, 1.9313e-02,
         2.5864e-02, 3.4971e-02, 4.7464e-02, 6.4722e-02, 9.0028e-02, 1.2704e-01,
         1.8042e-01, 2.5413e-01, 3.1646e-01, 3.5740e-01, 3.9486e-01, 4.3413e-01,
         4.7629e-01, 5.2100e-01, 5.6784e-01, 6.1642e-01, 6.6621e-01, 7.1620e-01,
         7.6532e-01, 8.1255e-01, 8.5569e-01, 8.9344e-01, 9.2440e-01, 9.4759e-01,
         9.6010e-01, 9.6354e-01, 9.5981e-01, 9.5222e-01, 9.4408e-01, 9.3937e-01,
         9.4000e-01, 9.4681e-01]], dtype=torch.float64), 'xH2O': tensor([[2.3029e-06, 9.9606e-07, 3.5234e-07, 1.0684e-07, 2.6401e-08, 7.0078e-09,
         1.5962e-09, 2.9105e-10, 3.5968e-11, 3.0276e-12, 4.4649e-13, 3.1115e-13,
         1.0944e-13, 3.9819e-14, 2.8596e-14, 2.1645e-14, 1.3484e-14, 5.9064e-15,
         2.1537e-15, 9.3786e-16, 6.0175e-16, 5.1299e-16, 4.8096e-16, 4.7324e-16,
         4.7771e-16, 4.8811e-16, 5.0168e-16, 5.1943e-16, 5.4463e-16, 5.8097e-16,
         6.2898e-16, 6.8993e-16, 7.6747e-16, 8.6725e-16, 9.9438e-16, 1.1592e-15,
         1.3865e-15, 1.7299e-15, 2.3055e-15, 3.3956e-15, 5.4600e-15, 8.0000e-15,
         1.0857e-14, 1.4324e-14, 1.8891e-14, 2.5006e-14, 3.3068e-14, 4.3725e-14,
         5.8460e-14, 7.8867e-14, 1.0678e-13, 1.4533e-13, 2.0246e-13, 2.8757e-13,
         4.1359e-13, 6.0066e-13, 8.7762e-13, 1.3140e-12, 2.0650e-12, 3.4245e-12,
         6.2627e-12, 1.1939e-11, 2.2848e-11, 4.2528e-11, 6.6858e-11, 8.0099e-11,
         8.3782e-11, 8.2667e-11, 7.9634e-11, 7.6077e-11, 7.2313e-11, 6.8427e-11,
         6.4339e-11, 6.0171e-11, 5.6212e-11, 5.2941e-11, 5.1134e-11, 5.1206e-11,
         5.3578e-11, 5.8632e-11]], dtype=torch.float64), 'xSO2': tensor([[3.0382e-02, 1.9005e-02, 1.0554e-02, 5.2885e-03, 2.3428e-03, 1.0027e-03,
         3.8084e-04, 1.2350e-04, 3.2199e-05, 8.4443e-06, 1.8042e-06, 2.8508e-07,
         2.7564e-08, 3.4206e-09, 6.6634e-10, 3.8262e-10, 4.1761e-10, 4.9375e-10,
         5.9050e-10, 7.1726e-10, 8.8727e-10, 1.1156e-09, 1.4086e-09, 1.7824e-09,
         2.2639e-09, 2.8933e-09, 3.6923e-09, 4.7046e-09, 6.0063e-09, 7.7015e-09,
         9.8544e-09, 1.2585e-08, 1.6106e-08, 2.0688e-08, 2.6513e-08, 3.3910e-08,
         4.3490e-08, 5.5994e-08, 7.2232e-08, 9.4219e-08, 1.2639e-07, 1.6783e-07,
         2.2071e-07, 2.8989e-07, 3.8452e-07, 5.1470e-07, 6.9109e-07, 9.3158e-07,
         1.2765e-06, 1.7732e-06, 2.4797e-06, 3.4954e-06, 5.0654e-06, 7.4964e-06,
         1.1229e-05, 1.7067e-05, 2.7054e-05, 4.3851e-05, 7.1369e-05, 1.1256e-04,
         1.5211e-04, 1.7022e-04, 1.7945e-04, 1.8599e-04, 1.9083e-04, 1.9401e-04,
         1.9533e-04, 1.9464e-04, 1.9142e-04, 1.8579e-04, 1.7772e-04, 1.6722e-04,
         1.5399e-04, 1.3897e-04, 1.2315e-04, 1.0774e-04, 9.4093e-05, 8.2775e-05,
         7.3936e-05, 6.7421e-05]], dtype=torch.float64), 'xH2SO4aer': tensor([[6.5698e-08, 7.4535e-08, 8.5379e-08, 9.6100e-08, 1.0721e-07, 1.2023e-07,
         1.3502e-07, 1.5198e-07, 1.7184e-07, 2.0231e-07, 3.5221e-07, 1.1226e-06,
         8.5416e-07, 2.5791e-08, 4.6669e-11, 1.8424e-13, 2.9760e-14, 1.7005e-14,
         1.1296e-14, 7.6395e-15, 5.2240e-15, 3.7033e-15, 2.6927e-15, 2.0121e-15,
         1.5482e-15, 1.2287e-15, 9.9478e-16, 8.2195e-16, 6.9508e-16, 6.0359e-16,
         5.3766e-16, 4.9411e-16, 4.7250e-16, 4.7281e-16, 4.9331e-16, 5.3505e-16,
         6.0185e-16, 6.9781e-16, 8.2586e-16, 9.9184e-16, 1.1798e-15, 1.2743e-15,
         1.2891e-15, 1.2747e-15, 1.2574e-15, 1.2468e-15, 1.2460e-15, 1.2585e-15,
         1.2915e-15, 1.3491e-15, 1.4343e-15, 1.5537e-15, 1.7259e-15, 1.9635e-15,
         2.2774e-15, 2.6496e-15, 2.7426e-15, 2.6258e-15, 2.5063e-15, 2.3994e-15,
         2.2703e-15, 2.0776e-15, 1.7840e-15, 1.3546e-15, 7.9571e-16, 3.4211e-16,
         1.1873e-16, 3.5687e-17, 1.2010e-17, 4.1633e-18, 1.4401e-18, 4.9635e-19,
         2.0213e-19, 8.6446e-20, 3.8658e-20, 1.8420e-20, 1.0130e-20, 5.6972e-21,
         3.0147e-21, 1.1542e-21]], dtype=torch.float64), 'xS8aer': tensor([[1.4552e-34, 3.1409e-34, 7.8128e-34, 5.1133e-33, 9.0541e-27, 4.3450e-22,
         1.9332e-21, 2.1190e-21, 1.9614e-21, 1.8355e-21, 2.4999e-21, 7.4997e-21,
         5.2117e-21, 1.1724e-22, 1.0891e-25, 1.0809e-28, 6.0171e-32, 9.3238e-33,
         5.4181e-33, 3.5303e-33, 2.5479e-33, 2.0392e-33, 1.7545e-33, 1.6102e-33,
         1.5642e-33, 1.5949e-33, 1.6832e-33, 1.8268e-33, 2.0313e-33, 2.3068e-33,
         2.6565e-33, 3.0933e-33, 3.6419e-33, 4.3326e-33, 5.1825e-33, 6.2262e-33,
         7.5302e-33, 9.1758e-33, 1.1259e-32, 1.4021e-32, 1.7937e-32, 2.2599e-32,
         2.8190e-32, 3.5139e-32, 4.4153e-32, 5.5907e-32, 7.1031e-32, 9.0579e-32,
         1.1690e-31, 1.5238e-31, 1.9965e-31, 2.6307e-31, 3.5309e-31, 4.8055e-31,
         6.5844e-31, 8.9480e-31, 1.0732e-30, 1.1685e-30, 1.2399e-30, 1.2853e-30,
         1.2377e-30, 9.6180e-31, 2.9620e-31, 4.8115e-33, 1.0000e-40, 1.0000e-40,
         1.0000e-40, 1.0000e-40, 1.0000e-40, 1.0000e-40, 1.0000e-40, 1.0000e-40,
         1.0000e-40, 1.0000e-40, 1.0000e-40, 1.0000e-40, 1.0000e-40, 1.0000e-40,
         1.0000e-40, 1.0000e-40]], dtype=torch.float64), 'pres': tensor([[5.0291e+04, 4.4001e+04, 3.8398e+04, 3.3401e+04, 2.8935e+04, 2.4939e+04,
         2.1366e+04, 1.8179e+04, 1.5347e+04, 1.2845e+04, 1.0647e+04, 8.7305e+03,
         7.0735e+03, 5.6537e+03, 4.4498e+03, 3.4799e+03, 2.7214e+03, 2.1281e+03,
         1.6641e+03, 1.3012e+03, 1.0175e+03, 7.9559e+02, 6.2209e+02, 4.8643e+02,
         3.8036e+02, 2.9741e+02, 2.3256e+02, 1.8185e+02, 1.4220e+02, 1.1120e+02,
         8.6954e+01, 6.7997e+01, 5.3174e+01, 4.1583e+01, 3.2519e+01, 2.5431e+01,
         1.9889e+01, 1.5555e+01, 1.2165e+01, 9.5153e+00, 7.4449e+00, 5.8258e+00,
         4.5595e+00, 3.5690e+00, 2.7942e+00, 2.1881e+00, 1.7139e+00, 1.3428e+00,
         1.0525e+00, 8.2526e-01, 6.4740e-01, 5.0816e-01, 3.9912e-01, 3.1371e-01,
         2.4679e-01, 1.9433e-01, 1.5320e-01, 1.2092e-01, 9.5576e-02, 7.5658e-02,
         5.9988e-02, 4.7646e-02, 3.7912e-02, 3.0222e-02, 2.4137e-02, 1.9312e-02,
         1.5479e-02, 1.2427e-02, 9.9919e-03, 8.0440e-03, 6.4826e-03, 5.2281e-03,
         4.2181e-03, 3.4034e-03, 2.7453e-03, 2.2131e-03, 1.7824e-03, 1.4339e-03,
         1.1519e-03, 9.2409e-04]], dtype=torch.float64)}"
21600,231.005,7.02097e-09,"{'alt': tensor([[  500.0000,  1753.1646,  3006.3291,  4259.4937,  5512.6582,  6765.8228,
          8018.9873,  9272.1519, 10525.3165, 11778.4810, 13031.6456, 14284.8101,
         15537.9747, 16791.1392, 18044.3038, 19297.4684, 20550.6329, 21803.7975,
         23056.9620, 24310.1266, 25563.2911, 26816.4557, 28069.6203, 29322.7848,
         30575.9494, 31829.1139, 33082.2785, 34335.4430, 35588.6076, 36841.7722,
         38094.9367, 39348.1013, 40601.2658, 41854.4304, 43107.5949, 44360.7595,
         45613.9241, 46867.0886, 48120.2532, 49373.4177, 50626.5823, 51879.7468,
         53132.9114, 54386.0759, 55639.2405, 56892.4051, 58145.5696, 59398.7342,
         60651.8987, 61905.0633, 63158.2278, 64411.3924, 65664.5570, 66917.7215,
         68170.8861, 69424.0506, 70677.2152, 71930.3797, 73183.5443, 74436.7089,
         75689.8734, 76943.0380, 78196.2025, 79449.3671, 80702.5316, 81955.6962,
         83208.8608, 84462.0253, 85715.1899, 86968.3544, 88221.5190, 89474.6835,
         90727.8481, 91981.0127, 93234.1772, 94487.3418, 95740.5063, 96993.6709,
         98246.8354, 99500.0000]], dtype=torch.float64), 'dz': tensor([1250., 1250., 1250., 1250., 1250., 1250., 1250., 1250., 1250., 1250.,
        1250., 1250., 1250., 1250., 1250., 1250., 1250., 1250., 1250., 1250.,
        1250., 1250., 1250., 1250., 1250., 1250., 1250., 1250., 1250., 1250.,
        1250., 1250., 1250., 1250., 1250., 1250., 1250., 1250., 1250., 1250.,
        1250., 1250., 1250., 1250., 1250., 1250., 1250., 1250., 1250., 1250.,
        1250., 1250., 1250., 1250., 1250., 1250., 1250., 1250., 1250., 1250.,
        1250., 1250., 1250., 1250., 1250., 1250., 1250., 1250., 1250., 1250.,
        1250., 1250., 1250., 1250., 1250., 1250., 1250., 1250., 1250., 1250.],
       dtype=torch.float64), 'temp': tensor([[187.8081, 184.1377, 180.6361, 176.4330, 171.3289, 165.5207, 159.1137,
         152.3192, 145.3223, 138.2456, 131.1456, 124.0417, 116.9536, 109.8574,
         102.7898, 100.0757, 100.0754, 100.0617, 100.0411, 100.0262, 100.0215,
         100.0208, 100.0214, 100.0227, 100.0248, 100.0275, 100.0308, 100.0347,
         100.0393, 100.0444, 100.0502, 100.0564, 100.0631, 100.0705, 100.0786,
         100.0874, 100.0971, 100.1081, 100.1217, 100.1594, 100.2899, 100.3602,
         100.4215, 100.4951, 100.5839, 100.6913, 100.8207, 100.9766, 101.1676,
         101.4027, 101.6925, 102.0537, 102.5214, 103.1374, 103.9602, 105.0629,
         106.2662, 107.5033, 108.9353, 110.6276, 112.3992, 114.0055, 115.5751,
         117.1576, 118.7310, 120.2685, 121.7282, 123.0794, 124.2621, 125.2554,
         126.0396, 126.6011, 126.8759, 126.9113, 126.7301, 126.3857, 125.9144,
         125.4230, 124.9294, 124.4973]], dtype=torch.float64), 'xCO2': tensor([[9.9402e-01, 8.0894e-01, 7.3326e-01, 5.8010e-01, 3.6078e-01, 1.9896e-01,
         9.9751e-02, 4.5017e-02, 1.7951e-02, 7.0170e-03, 2.4177e-03, 7.0140e-04,
         1.6291e-04, 4.2070e-05, 1.3351e-05, 7.2475e-06, 7.5432e-06, 9.3272e-06,
         1.1665e-05, 1.4657e-05, 1.8538e-05, 2.3657e-05, 3.0179e-05, 3.8460e-05,
         4.9094e-05, 6.2972e-05, 8.0596e-05, 1.0294e-04, 1.3168e-04, 1.6911e-04,
         2.1666e-04, 2.7696e-04, 3.5472e-04, 4.5588e-04, 5.8447e-04, 7.4768e-04,
         9.5889e-04, 1.2340e-03, 1.5878e-03, 2.0552e-03, 2.7205e-03, 3.5743e-03,
         4.6656e-03, 6.0853e-03, 8.0077e-03, 1.0626e-02, 1.4140e-02, 1.8891e-02,
         2.5654e-02, 3.5078e-02, 4.7747e-02, 6.5209e-02, 9.0771e-02, 1.2799e-01,
         1.8027e-01, 2.4672e-01, 3.0808e-01, 3.5386e-01, 3.9333e-01, 4.3287e-01,
         4.7505e-01, 5.1951e-01, 5.6599e-01, 6.1410e-01, 6.6328e-01, 7.1246e-01,
         7.6053e-01, 8.0650e-01, 8.4795e-01, 8.8369e-01, 9.1252e-01, 9.3419e-01,
         9.4664e-01, 9.5258e-01, 9.5420e-01, 9.5401e-01, 9.5379e-01, 9.5575e-01,
         9.6059e-01, 9.6900e-01]], dtype=torch.float64), 'xH2O': tensor([[4.4123e-07, 3.1114e-07, 1.8074e-07, 8.8842e-08, 3.2537e-08, 9.5368e-09,
         2.3292e-09, 4.6072e-10, 5.6666e-11, 3.4760e-12, 7.8370e-13, 8.0221e-13,
         2.9022e-13, 8.7878e-14, 5.1356e-14, 4.0694e-14, 2.2709e-14, 5.0475e-15,
         1.9730e-15, 1.0874e-15, 7.7326e-16, 6.6027e-16, 6.1165e-16, 5.9317e-16,
         5.8982e-16, 5.9399e-16, 6.0242e-16, 6.1611e-16, 6.3811e-16, 6.7166e-16,
         7.1732e-16, 7.7657e-16, 8.5310e-16, 9.5278e-16, 1.0819e-15, 1.2544e-15,
         1.5035e-15, 1.8948e-15, 2.5377e-15, 3.6362e-15, 5.5384e-15, 8.0110e-15,
         1.0941e-14, 1.4494e-14, 1.9124e-14, 2.5347e-14, 3.3667e-14, 4.4912e-14,
         6.1115e-14, 8.4628e-14, 1.1844e-13, 1.6875e-13, 2.5501e-13, 4.1383e-13,
         7.2343e-13, 1.3714e-12, 2.6580e-12, 3.7566e-12, 4.4240e-12, 5.7432e-12,
         8.8429e-12, 1.5141e-11, 2.6222e-11, 4.2347e-11, 5.9625e-11, 7.2175e-11,
         7.8512e-11, 7.9984e-11, 7.8314e-11, 7.5348e-11, 7.1817e-11, 6.8120e-11,
         6.4487e-11, 6.1256e-11, 5.8748e-11, 5.7303e-11, 5.7457e-11, 5.9343e-11,
         6.3182e-11, 6.9232e-11]], dtype=torch.float64), 'xSO2': tensor([[1.1219e-02, 9.5700e-03, 7.0723e-03, 4.6875e-03, 2.5177e-03, 1.1261e-03,
         4.4224e-04, 1.4961e-04, 4.1554e-05, 1.1650e-05, 2.7263e-06, 4.9239e-07,
         6.0079e-08, 8.9836e-09, 1.4257e-09, 4.0106e-10, 3.4891e-10, 4.1263e-10,
         5.0045e-10, 6.1556e-10, 7.6672e-10, 9.6857e-10, 1.2267e-09, 1.5548e-09,
         1.9762e-09, 2.5261e-09, 3.2243e-09, 4.1089e-09, 5.2461e-09, 6.7262e-09,
         8.6051e-09, 1.0987e-08, 1.4059e-08, 1.8056e-08, 2.3139e-08, 2.9597e-08,
         3.7981e-08, 4.9011e-08, 6.3525e-08, 8.3239e-08, 1.1121e-07, 1.4852e-07,
         1.9670e-07, 2.5995e-07, 3.4686e-07, 4.6701e-07, 6.3049e-07, 8.5448e-07,
         1.1775e-06, 1.6447e-06, 2.3113e-06, 3.2738e-06, 4.7615e-06, 7.0677e-06,
         1.0633e-05, 1.6257e-05, 2.5794e-05, 4.1437e-05, 6.5411e-05, 9.6892e-05,
         1.2588e-04, 1.4348e-04, 1.5288e-04, 1.5830e-04, 1.6150e-04, 1.6312e-04,
         1.6315e-04, 1.6152e-04, 1.5779e-04, 1.5209e-04, 1.4448e-04, 1.3518e-04,
         1.2426e-04, 1.1264e-04, 1.0107e-04, 9.0230e-05, 8.0790e-05, 7.2875e-05,
         6.6479e-05, 6.1516e-05]], dtype=torch.float64), 'xH2SO4aer': tensor([[6.5699e-08, 7.4536e-08, 8.5381e-08, 9.6107e-08, 1.0722e-07, 1.2028e-07,
         1.3518e-07, 1.5251e-07, 1.7390e-07, 2.2994e-07, 6.4468e-07, 1.2287e-06,
         1.7093e-07, 8.8690e-11, 3.1651e-14, 2.3968e-14, 2.5289e-14, 2.3166e-14,
         1.6572e-14, 1.1478e-14, 7.9510e-15, 5.6390e-15, 4.0567e-15, 2.9705e-15,
         2.2260e-15, 1.7159e-15, 1.3454e-15, 1.0739e-15, 8.7667e-16, 7.3545e-16,
         6.3291e-16, 5.6251e-16, 5.2174e-16, 5.0868e-16, 5.1962e-16, 5.5449e-16,
         6.1596e-16, 7.0612e-16, 8.2417e-16, 9.6929e-16, 1.1279e-15, 1.2198e-15,
         1.2422e-15, 1.2264e-15, 1.2015e-15, 1.1829e-15, 1.1754e-15, 1.1824e-15,
         1.2101e-15, 1.2523e-15, 1.3014e-15, 1.3681e-15, 1.4580e-15, 1.5618e-15,
         1.6425e-15, 1.5947e-15, 1.1923e-15, 5.8949e-16, 2.3060e-16, 1.0597e-16,
         6.4814e-17, 4.4264e-17, 2.9123e-17, 1.6599e-17, 7.8570e-18, 3.0915e-18,
         1.0339e-18, 3.0325e-19, 1.0128e-19, 3.5409e-20, 1.2638e-20, 4.6701e-21,
         2.0906e-21, 1.0059e-21, 5.1241e-22, 2.7455e-22, 1.5966e-22, 9.1189e-23,
         4.7339e-23, 1.7315e-23]], dtype=torch.float64), 'xS8aer': tensor([[1.4553e-34, 3.1412e-34, 7.8294e-34, 4.6889e-32, 2.3318e-26, 4.3579e-22,
         1.9356e-21, 2.1250e-21, 1.9805e-21, 2.0470e-21, 4.5986e-21, 7.7832e-21,
         8.4656e-22, 2.0475e-25, 2.5789e-32, 1.8254e-35, 7.0204e-36, 4.7060e-36,
         3.2293e-36, 2.2836e-36, 1.6857e-36, 1.3125e-36, 1.0602e-36, 8.8862e-37,
         7.7466e-37, 7.0423e-37, 6.6408e-37, 6.5025e-37, 6.6259e-37, 7.0290e-37,
         7.7076e-37, 8.6982e-37, 1.0081e-36, 1.1958e-36, 1.4389e-36, 1.7500e-36,
         2.1532e-36, 2.6762e-36, 3.3153e-36, 3.9886e-36, 4.4612e-36, 5.6630e-36,
         6.8294e-36, 7.8131e-36, 8.2795e-36, 7.6001e-36, 4.9554e-36, 3.9986e-37,
         1.7790e-39, 6.8372e-40, 2.4781e-40, 1.0922e-40, 1.0000e-40, 1.5553e-40,
         1.7231e-40, 2.2173e-40, 9.5279e-40, 2.3947e-39, 1.4423e-40, 1.0000e-40,
         7.0763e-40, 1.9002e-39, 1.1219e-40, 1.0000e-40, 1.0000e-40, 1.0000e-40,
         1.0000e-40, 1.0000e-40, 1.0000e-40, 1.0000e-40, 1.0000e-40, 1.0000e-40,
         1.0000e-40, 1.0000e-40, 1.0000e-40, 1.0000e-40, 1.0000e-40, 1.0000e-40,
         1.0000e-40, 1.0000e-40]], dtype=torch.float64), 'pres': tensor([[5.0301e+04, 4.4009e+04, 3.8405e+04, 3.3406e+04, 2.8937e+04, 2.4940e+04,
         2.1367e+04, 1.8180e+04, 1.5348e+04, 1.2846e+04, 1.0648e+04, 8.7324e+03,
         7.0757e+03, 5.6559e+03, 4.4519e+03, 3.4815e+03, 2.7226e+03, 2.1291e+03,
         1.6649e+03, 1.3018e+03, 1.0179e+03, 7.9596e+02, 6.2238e+02, 4.8666e+02,
         3.8053e+02, 2.9755e+02, 2.3267e+02, 1.8194e+02, 1.4227e+02, 1.1125e+02,
         8.6995e+01, 6.8030e+01, 5.3200e+01, 4.1603e+01, 3.2535e+01, 2.5444e+01,
         1.9899e+01, 1.5563e+01, 1.2172e+01, 9.5211e+00, 7.4497e+00, 5.8299e+00,
         4.5631e+00, 3.5721e+00, 2.7970e+00, 2.1906e+00, 1.7162e+00, 1.3451e+00,
         1.0547e+00, 8.2748e-01, 6.4965e-01, 5.1047e-01, 4.0155e-01, 3.1633e-01,
         2.4966e-01, 1.9753e-01, 1.5671e-01, 1.2465e-01, 9.9448e-02, 7.9617e-02,
         6.3964e-02, 5.1547e-02, 4.1663e-02, 3.3771e-02, 2.7450e-02, 2.2372e-02,
         1.8277e-02, 1.4966e-02, 1.2277e-02, 1.0088e-02, 8.2987e-03, 6.8329e-03,
         5.6284e-03, 4.6364e-03, 3.8183e-03, 3.1428e-03, 2.5850e-03, 2.1245e-03,
         1.7447e-03, 1.4318e-03]], dtype=torch.float64)}"
43200,228.147,2.10343e-08,"{'alt': tensor([[  500.0000,  1753.1646,  3006.3291,  4259.4937,  5512.6582,  6765.8228,
          8018.9873,  9272.1519, 10525.3165, 11778.4810, 13031.6456, 14284.8101,
         15537.9747, 16791.1392, 18044.3038, 19297.4684, 20550.6329, 21803.7975,
         23056.9620, 24310.1266, 25563.2911, 26816.4557, 28069.6203, 29322.7848,
         30575.9494, 31829.1139, 33082.2785, 34335.4430, 35588.6076, 36841.7722,
         38094.9367, 39348.1013, 40601.2658, 41854.4304, 43107.5949, 44360.7595,
         45613.9241, 46867.0886, 48120.2532, 49373.4177, 50626.5823, 51879.7468,
         53132.9114, 54386.0759, 55639.2405, 56892.4051, 58145.5696, 59398.7342,
         60651.8987, 61905.0633, 63158.2278, 64411.3924, 65664.5570, 66917.7215,
         68170.8861, 69424.0506, 70677.2152, 71930.3797, 73183.5443, 74436.7089,
         75689.8734, 76943.0380, 78196.2025, 79449.3671, 80702.5316, 81955.6962,
         83208.8608, 84462.0253, 85715.1899, 86968.3544, 88221.5190, 89474.6835,
         90727.8481, 91981.0127, 93234.1772, 94487.3418, 95740.5063, 96993.6709,
         98246.8354, 99500.0000]], dtype=torch.float64), 'dz': tensor([1250., 1250., 1250., 1250., 1250., 1250., 1250., 1250., 1250., 1250.,
        1250., 1250., 1250., 1250., 1250., 1250., 1250., 1250., 1250., 1250.,
        1250., 1250., 1250., 1250., 1250., 1250., 1250., 1250., 1250., 1250.,
        1250., 1250., 1250., 1250., 1250., 1250., 1250., 1250., 1250., 1250.,
        1250., 1250., 1250., 1250., 1250., 1250., 1250., 1250., 1250., 1250.,
        1250., 1250., 1250., 1250., 1250., 1250., 1250., 1250., 1250., 1250.,
        1250., 1250., 1250., 1250., 1250., 1250., 1250., 1250., 1250., 1250.,
        1250., 1250., 1250., 1250., 1250., 1250., 1250., 1250., 1250., 1250.],
       dtype=torch.float64), 'temp': tensor([[188.1953, 184.3164, 180.6276, 176.1961, 171.1165, 165.4033, 159.0993,
         152.3833, 145.4414, 138.3955, 131.3290, 124.2219, 117.1553, 110.0176,
         102.9500, 100.0766, 100.0755, 100.0618, 100.0412, 100.0263, 100.0216,
         100.0210, 100.0216, 100.0230, 100.0250, 100.0278, 100.0313, 100.0353,
         100.0400, 100.0454, 100.0513, 100.0579, 100.0651, 100.0731, 100.0819,
         100.0916, 100.1026, 100.1152, 100.1310, 100.1716, 100.3061, 100.3816,
         100.4498, 100.5325, 100.6338, 100.7585, 100.9113, 101.0996, 101.3376,
         101.6398, 102.0226, 102.5158, 103.1828, 104.0997, 105.3651, 107.0715,
         108.9312, 110.8027, 112.8968, 115.2782, 117.6689, 119.7491, 121.6691,
         123.4833, 125.1791, 126.7152, 128.0498, 129.1718, 130.0499, 130.7017,
         131.1805, 131.5250, 131.7128, 131.8233, 131.8559, 131.8383, 131.7635,
         131.6962, 131.6434, 131.6237]], dtype=torch.float64), 'xCO2': tensor([[9.9387e-01, 8.2522e-01, 7.2597e-01, 5.7554e-01, 3.7138e-01, 2.0994e-01,
         1.0740e-01, 4.9525e-02, 2.0289e-02, 8.1574e-03, 2.9150e-03, 8.8939e-04,
         2.2259e-04, 6.0421e-05, 1.6798e-05, 7.4379e-06, 7.3009e-06, 9.0320e-06,
         1.1389e-05, 1.4415e-05, 1.8327e-05, 2.3472e-05, 3.0011e-05, 3.8303e-05,
         4.8940e-05, 6.2817e-05, 8.0435e-05, 1.0277e-04, 1.3149e-04, 1.6892e-04,
         2.1645e-04, 2.7675e-04, 3.5453e-04, 4.5575e-04, 5.8445e-04, 7.4789e-04,
         9.5952e-04, 1.2355e-03, 1.5909e-03, 2.0598e-03, 2.7144e-03, 3.5723e-03,
         4.6737e-03, 6.1041e-03, 8.0383e-03, 1.0672e-02, 1.4212e-02, 1.9006e-02,
         2.5778e-02, 3.5202e-02, 4.8024e-02, 6.5690e-02, 9.1467e-02, 1.2860e-01,
         1.7924e-01, 2.4111e-01, 3.0103e-01, 3.4958e-01, 3.9118e-01, 4.3146e-01,
         4.7375e-01, 5.1803e-01, 5.6415e-01, 6.1181e-01, 6.6039e-01, 7.0879e-01,
         7.5588e-01, 8.0070e-01, 8.4074e-01, 8.7500e-01, 9.0270e-01, 9.2382e-01,
         9.3725e-01, 9.4569e-01, 9.5093e-01, 9.5484e-01, 9.5864e-01, 9.6373e-01,
         9.7061e-01, 9.7967e-01]], dtype=torch.float64), 'xH2O': tensor([[4.8509e-07, 2.8599e-07, 1.6538e-07, 8.5152e-08, 3.5018e-08, 1.2013e-08,
         3.2427e-09, 6.9375e-10, 8.5134e-11, 3.7310e-12, 5.5377e-13, 6.7456e-13,
         3.5466e-13, 1.2645e-13, 6.6941e-14, 5.4414e-14, 2.8578e-14, 4.6425e-15,
         2.0534e-15, 1.2656e-15, 9.4862e-16, 8.1650e-16, 7.5309e-16, 7.2448e-16,
         7.1408e-16, 7.1312e-16, 7.1771e-16, 7.2874e-16, 7.4917e-16, 7.8220e-16,
         8.2837e-16, 8.8943e-16, 9.6954e-16, 1.0755e-15, 1.2149e-15, 1.4039e-15,
         1.6806e-15, 2.1153e-15, 2.8076e-15, 3.9249e-15, 5.7819e-15, 8.2291e-15,
         1.1213e-14, 1.4861e-14, 1.9600e-14, 2.5982e-14, 3.4598e-14, 4.6443e-14,
         6.4039e-14, 9.0779e-14, 1.3163e-13, 1.9708e-13, 3.2617e-13, 6.1596e-13,
         1.3329e-12, 3.1497e-12, 4.8400e-12, 5.8035e-12, 6.5762e-12, 7.9816e-12,
         1.1343e-11, 1.7827e-11, 2.8125e-11, 4.1633e-11, 5.5631e-11, 6.6751e-11,
         7.3642e-11, 7.6542e-11, 7.6161e-11, 7.4073e-11, 7.1143e-11, 6.7952e-11,
         6.4940e-11, 6.2508e-11, 6.0945e-11, 6.0523e-11, 6.1690e-11, 6.4477e-11,
         6.9049e-11, 7.5594e-11]], dtype=torch.float64), 'xSO2': tensor([[1.1889e-02, 8.9409e-03, 6.6426e-03, 4.5593e-03, 2.6292e-03, 1.2434e-03,
         5.0750e-04, 1.7867e-04, 5.2428e-05, 1.5550e-05, 3.9191e-06, 7.8560e-07,
         1.0963e-07, 1.5613e-08, 1.8937e-09, 4.4892e-10, 3.5304e-10, 4.0823e-10,
         4.8792e-10, 5.8439e-10, 7.1196e-10, 8.8746e-10, 1.1150e-09, 1.4056e-09,
         1.7795e-09, 2.2674e-09, 2.8866e-09, 3.6707e-09, 4.6775e-09, 5.9864e-09,
         7.6462e-09, 9.7484e-09, 1.2457e-08, 1.5980e-08, 2.0460e-08, 2.6159e-08,
         3.3592e-08, 4.3476e-08, 5.6623e-08, 7.4457e-08, 9.9507e-08, 1.3351e-07,
         1.7800e-07, 2.3662e-07, 3.1736e-07, 4.2946e-07, 5.8296e-07, 7.9468e-07,
         1.1017e-06, 1.5477e-06, 2.1867e-06, 3.1116e-06, 4.5431e-06, 6.7696e-06,
         1.0227e-05, 1.5675e-05, 2.4793e-05, 3.9189e-05, 5.9718e-05, 8.4547e-05,
         1.0720e-04, 1.2255e-04, 1.3141e-04, 1.3617e-04, 1.3836e-04, 1.3895e-04,
         1.3811e-04, 1.3589e-04, 1.3193e-04, 1.2641e-04, 1.1946e-04, 1.1136e-04,
         1.0234e-04, 9.3105e-05, 8.4161e-05, 7.5909e-05, 6.8752e-05, 6.2694e-05,
         5.7713e-05, 5.3743e-05]], dtype=torch.float64), 'xH2SO4aer': tensor([[6.5700e-08, 7.4537e-08, 8.5383e-08, 9.6112e-08, 1.0724e-07, 1.2033e-07,
         1.3533e-07, 1.5298e-07, 1.7583e-07, 2.6390e-07, 8.2181e-07, 1.0418e-06,
         5.0784e-08, 1.7225e-12, 5.7494e-14, 3.8333e-14, 3.9291e-14, 3.4237e-14,
         2.3682e-14, 1.6173e-14, 1.1127e-14, 7.8474e-15, 5.5946e-15, 4.0419e-15,
         2.9773e-15, 2.2513e-15, 1.7272e-15, 1.3461e-15, 1.0717e-15, 8.7666e-16,
         7.3464e-16, 6.3505e-16, 5.7279e-16, 5.4355e-16, 5.4132e-16, 5.6457e-16,
         6.1440e-16, 6.9065e-16, 7.8962e-16, 9.0736e-16, 1.0299e-15, 1.1067e-15,
         1.1292e-15, 1.1155e-15, 1.0902e-15, 1.0713e-15, 1.0659e-15, 1.0780e-15,
         1.1121e-15, 1.1654e-15, 1.2356e-15, 1.3270e-15, 1.4428e-15, 1.5584e-15,
         1.5902e-15, 1.3344e-15, 6.0155e-16, 1.8582e-16, 4.7901e-17, 1.3320e-17,
         5.8967e-18, 3.3190e-18, 1.9037e-18, 1.0002e-18, 4.8328e-19, 2.1269e-19,
         8.5691e-20, 3.2275e-20, 1.3363e-20, 5.6418e-21, 2.3662e-21, 9.8332e-22,
         4.5497e-22, 2.1511e-22, 1.0300e-22, 4.9613e-23, 2.5448e-23, 1.2234e-23,
         4.8813e-24, 1.0541e-24]], dtype=torch.float64), 'xS8aer': tensor([[1.4553e-34, 3.1415e-34, 7.9148e-34, 1.7731e-31, 3.7001e-26, 4.3698e-22,
         1.9378e-21, 2.1423e-21, 2.0052e-21, 2.3078e-21, 5.7717e-21, 6.3603e-21,
         2.1759e-22, 2.1304e-27, 9.4865e-34, 5.9607e-36, 1.0056e-37, 4.5766e-38,
         3.7271e-38, 3.5654e-38, 3.6223e-38, 3.8478e-38, 4.2095e-38, 4.7027e-38,
         5.3451e-38, 6.1697e-38, 7.1905e-38, 8.4431e-38, 9.9904e-38, 1.1921e-37,
         1.4291e-37, 1.7189e-37, 2.0772e-37, 2.5225e-37, 3.0678e-37, 3.7380e-37,
         4.5836e-37, 5.6296e-37, 6.4914e-37, 5.6701e-37, 1.0000e-40, 1.0000e-40,
         1.0000e-40, 1.0000e-40, 1.0000e-40, 1.0000e-40, 1.0000e-40, 1.0000e-40,
         1.0000e-40, 1.0000e-40, 1.0000e-40, 1.0000e-40, 1.0000e-40, 1.0000e-40,
         1.0000e-40, 1.0000e-40, 1.0000e-40, 1.0000e-40, 1.0000e-40, 1.0000e-40,
         1.0000e-40, 1.0000e-40, 1.0000e-40, 1.0000e-40, 1.0000e-40, 1.0000e-40,
         1.0000e-40, 1.0000e-40, 1.0000e-40, 1.0000e-40, 1.0000e-40, 1.0000e-40,
         1.0000e-40, 1.0000e-40, 1.0000e-40, 1.0000e-40, 1.0000e-40, 1.0000e-40,
         1.0000e-40, 1.0000e-40]], dtype=torch.float64), 'pres': tensor([[5.0306e+04, 4.4020e+04, 3.8414e+04, 3.3407e+04, 2.8933e+04, 2.4934e+04,
         2.1361e+04, 1.8176e+04, 1.5347e+04, 1.2848e+04, 1.0653e+04, 8.7385e+03,
         7.0832e+03, 5.6637e+03, 4.4597e+03, 3.4876e+03, 2.7274e+03, 2.1329e+03,
         1.6678e+03, 1.3041e+03, 1.0197e+03, 7.9736e+02, 6.2348e+02, 4.8752e+02,
         3.8120e+02, 2.9808e+02, 2.3308e+02, 1.8226e+02, 1.4252e+02, 1.1145e+02,
         8.7150e+01, 6.8151e+01, 5.3295e+01, 4.1678e+01, 3.2594e+01, 2.5490e+01,
         1.9936e+01, 1.5592e+01, 1.2195e+01, 9.5391e+00, 7.4641e+00, 5.8415e+00,
         4.5724e+00, 3.5798e+00, 2.8033e+00, 2.1959e+00, 1.7208e+00, 1.3491e+00,
         1.0582e+00, 8.3072e-01, 6.5270e-01, 5.1343e-01, 4.0450e-01, 3.1935e-01,
         2.5285e-01, 2.0094e-01, 1.6031e-01, 1.2839e-01, 1.0325e-01, 8.3403e-02,
         6.7666e-02, 5.5098e-02, 4.5010e-02, 3.6879e-02, 3.0298e-02, 2.4951e-02,
         2.0589e-02, 1.7018e-02, 1.4085e-02, 1.1668e-02, 9.6723e-03, 8.0220e-03,
         6.6551e-03, 5.5220e-03, 4.5820e-03, 3.8019e-03, 3.1543e-03, 2.6168e-03,
         2.1707e-03, 1.8006e-03]], dtype=torch.float64)}"
64800,226.173,2.7673e-08,"{'alt': tensor([[  500.0000,  1753.1646,  3006.3291,  4259.4937,  5512.6582,  6765.8228,
          8018.9873,  9272.1519, 10525.3165, 11778.4810, 13031.6456, 14284.8101,
         15537.9747, 16791.1392, 18044.3038, 19297.4684, 20550.6329, 21803.7975,
         23056.9620, 24310.1266, 25563.2911, 26816.4557, 28069.6203, 29322.7848,
         30575.9494, 31829.1139, 33082.2785, 34335.4430, 35588.6076, 36841.7722,
         38094.9367, 39348.1013, 40601.2658, 41854.4304, 43107.5949, 44360.7595,
         45613.9241, 46867.0886, 48120.2532, 49373.4177, 50626.5823, 51879.7468,
         53132.9114, 54386.0759, 55639.2405, 56892.4051, 58145.5696, 59398.7342,
         60651.8987, 61905.0633, 63158.2278, 64411.3924, 65664.5570, 66917.7215,
         68170.8861, 69424.0506, 70677.2152, 71930.3797, 73183.5443, 74436.7089,
         75689.8734, 76943.0380, 78196.2025, 79449.3671, 80702.5316, 81955.6962,
         83208.8608, 84462.0253, 85715.1899, 86968.3544, 88221.5190, 89474.6835,
         90727.8481, 91981.0127, 93234.1772, 94487.3418, 95740.5063, 96993.6709,
         98246.8354, 99500.0000]], dtype=torch.float64), 'dz': tensor([1250., 1250., 1250., 1250., 1250., 1250., 1250., 1250., 1250., 1250.,
        1250., 1250., 1250., 1250., 1250., 1250., 1250., 1250., 1250., 1250.,
        1250., 1250., 1250., 1250., 1250., 1250., 1250., 1250., 1250., 1250.,
        1250., 1250., 1250., 1250., 1250., 1250., 1250., 1250., 1250., 1250.,
        1250., 1250., 1250., 1250., 1250., 1250., 1250., 1250., 1250., 1250.,
        1250., 1250., 1250., 1250., 1250., 1250., 1250., 1250., 1250., 1250.,
        1250., 1250., 1250., 1250., 1250., 1250., 1250., 1250., 1250., 1250.,
        1250., 1250., 1250., 1250., 1250., 1250., 1250., 1250., 1250., 1250.],
       dtype=torch.float64), 'temp': tensor([[188.4409, 184.5837, 180.6183, 176.1527, 171.0480, 165.3528, 159.0900,
         152.4035, 145.4757, 138.4345, 131.3559, 124.2547, 117.1670, 110.0631,
         102.9955, 100.0775, 100.0755, 100.0618, 100.0413, 100.0264, 100.0217,
         100.0211, 100.0217, 100.0232, 100.0253, 100.0282, 100.0317, 100.0358,
         100.0407, 100.0463, 100.0525, 100.0594, 100.0670, 100.0756, 100.0851,
         100.0958, 100.1080, 100.1223, 100.1402, 100.1836, 100.3221, 100.4029,
         100.4781, 100.5699, 100.6838, 100.8259, 101.0027, 101.2240, 101.5096,
         101.8799, 102.3581, 102.9867, 103.8569, 105.0755, 106.7664, 109.0175,
         111.4606, 113.8749, 116.4552, 119.2220, 121.8501, 124.0143, 125.8734,
         127.4716, 128.8231, 129.9072, 130.7263, 131.3260, 131.7328, 132.0040,
         132.1906, 132.3525, 132.4558, 132.5637, 132.6503, 132.7353, 132.7931,
         132.8557, 132.9076, 132.9684]], dtype=torch.float64), 'xCO2': tensor([[9.9378e-01, 8.3621e-01, 7.2179e-01, 5.7209e-01, 3.7991e-01, 2.2029e-01,
         1.1509e-01, 5.4208e-02, 2.2779e-02, 9.3978e-03, 3.4703e-03, 1.1068e-03,
         2.9469e-04, 7.8482e-05, 1.8473e-05, 7.6231e-06, 7.2613e-06, 8.9574e-06,
         1.1319e-05, 1.4355e-05, 1.8274e-05, 2.3418e-05, 2.9953e-05, 3.8234e-05,
         4.8857e-05, 6.2713e-05, 8.0305e-05, 1.0261e-04, 1.3129e-04, 1.6867e-04,
         2.1616e-04, 2.7640e-04, 3.5413e-04, 4.5532e-04, 5.8405e-04, 7.4760e-04,
         9.5957e-04, 1.2362e-03, 1.5929e-03, 2.0635e-03, 2.7135e-03, 3.5724e-03,
         4.6809e-03, 6.1216e-03, 8.0683e-03, 1.0719e-02, 1.4285e-02, 1.9110e-02,
         2.5900e-02, 3.5360e-02, 4.8304e-02, 6.6154e-02, 9.2075e-02, 1.2890e-01,
         1.7788e-01, 2.3647e-01, 2.9495e-01, 3.4507e-01, 3.8854e-01, 4.2983e-01,
         4.7237e-01, 5.1651e-01, 5.6232e-01, 6.0958e-01, 6.5758e-01, 7.0524e-01,
         7.5146e-01, 7.9518e-01, 8.3401e-01, 8.6724e-01, 8.9430e-01, 9.1538e-01,
         9.2994e-01, 9.4038e-01, 9.4813e-01, 9.5467e-01, 9.6097e-01, 9.6809e-01,
         9.7636e-01, 9.8603e-01]], dtype=torch.float64), 'xH2O': tensor([[5.1371e-07, 2.9106e-07, 1.6324e-07, 8.2165e-08, 3.4027e-08, 1.2374e-08,
         3.6636e-09, 8.4081e-10, 1.2429e-10, 4.8441e-12, 4.7129e-13, 5.5935e-13,
         3.9797e-13, 1.7746e-13, 8.2105e-14, 6.6893e-14, 3.5787e-14, 4.7553e-15,
         2.2303e-15, 1.4544e-15, 1.1229e-15, 9.7293e-16, 8.9556e-16, 8.5694e-16,
         8.3949e-16, 8.3352e-16, 8.3432e-16, 8.4250e-16, 8.6098e-16, 8.9307e-16,
         9.3948e-16, 1.0022e-15, 1.0861e-15, 1.1987e-15, 1.3486e-15, 1.5540e-15,
         1.8565e-15, 2.3283e-15, 3.0593e-15, 4.1980e-15, 6.0476e-15, 8.4916e-15,
         1.1525e-14, 1.5276e-14, 2.0166e-14, 2.6781e-14, 3.5798e-14, 4.8391e-14,
         6.7680e-14, 9.8357e-14, 1.4799e-13, 2.3361e-13, 4.2782e-13, 9.5440e-13,
         2.4656e-12, 4.9262e-12, 6.6708e-12, 7.7090e-12, 8.5849e-12, 1.0137e-11,
         1.3665e-11, 2.0022e-11, 2.9403e-11, 4.1049e-11, 5.2963e-11, 6.2862e-11,
         6.9643e-11, 7.3185e-11, 7.3709e-11, 7.2456e-11, 7.0234e-11, 6.7670e-11,
         6.5296e-11, 6.3536e-11, 6.2669e-11, 6.2945e-11, 6.4790e-11, 6.8214e-11,
         7.3366e-11, 8.0420e-11]], dtype=torch.float64), 'xSO2': tensor([[1.2312e-02, 8.9980e-03, 6.5668e-03, 4.4570e-03, 2.6642e-03, 1.3479e-03,
         5.7482e-04, 2.1057e-04, 6.4915e-05, 2.0209e-05, 5.3247e-06, 1.0375e-06,
         1.2829e-07, 1.7356e-08, 2.0421e-09, 4.7117e-10, 3.6366e-10, 4.1462e-10,
         4.8784e-10, 5.6929e-10, 6.7556e-10, 8.2658e-10, 1.0263e-09, 1.2839e-09,
         1.6164e-09, 2.0509e-09, 2.6020e-09, 3.2994e-09, 4.1940e-09, 5.3556e-09,
         6.8269e-09, 8.6888e-09, 1.1086e-08, 1.4203e-08, 1.8171e-08, 2.3233e-08,
         2.9882e-08, 3.8819e-08, 5.0800e-08, 6.7081e-08, 8.9956e-08, 1.2136e-07,
         1.6293e-07, 2.1807e-07, 2.9430e-07, 4.0064e-07, 5.4714e-07, 7.5044e-07,
         1.0467e-06, 1.4787e-06, 2.1000e-06, 3.0016e-06, 4.4001e-06, 6.5817e-06,
         9.9718e-06, 1.5281e-05, 2.3993e-05, 3.7164e-05, 5.4817e-05, 7.5038e-05,
         9.3388e-05, 1.0653e-04, 1.1453e-04, 1.1877e-04, 1.2035e-04, 1.2031e-04,
         1.1895e-04, 1.1637e-04, 1.1233e-04, 1.0705e-04, 1.0070e-04, 9.3559e-05,
         8.5907e-05, 7.8271e-05, 7.0992e-05, 6.4335e-05, 5.8578e-05, 5.3676e-05,
         4.9599e-05, 4.6291e-05]], dtype=torch.float64), 'xH2SO4aer': tensor([[6.5701e-08, 7.4538e-08, 8.5385e-08, 9.6118e-08, 1.0725e-07, 1.2037e-07,
         1.3546e-07, 1.5340e-07, 1.7767e-07, 2.9675e-07, 9.2057e-07, 8.8990e-07,
         2.0355e-08, 5.3629e-13, 8.3059e-14, 5.2071e-14, 5.2724e-14, 4.5769e-14,
         3.1405e-14, 2.1341e-14, 1.4627e-14, 1.0275e-14, 7.2804e-15, 5.2117e-15,
         3.7925e-15, 2.8269e-15, 2.1327e-15, 1.6312e-15, 1.2732e-15, 1.0209e-15,
         8.3792e-16, 7.0877e-16, 6.2528e-16, 5.8042e-16, 5.6566e-16, 5.7800e-16,
         6.1701e-16, 6.8039e-16, 7.6255e-16, 8.5870e-16, 9.5601e-16, 1.0184e-15,
         1.0383e-15, 1.0266e-15, 1.0030e-15, 9.8539e-16, 9.8205e-16, 9.9731e-16,
         1.0356e-15, 1.0963e-15, 1.1782e-15, 1.2821e-15, 1.4033e-15, 1.4903e-15,
         1.3869e-15, 8.0165e-16, 2.4604e-16, 5.9315e-17, 1.2513e-17, 2.9046e-18,
         1.1830e-18, 6.5323e-19, 3.8663e-19, 2.2414e-19, 1.2716e-19, 6.8807e-20,
         3.5261e-20, 1.7166e-20, 8.5771e-21, 4.1981e-21, 1.9817e-21, 8.9937e-22,
         4.3337e-22, 2.0851e-22, 9.9243e-23, 4.5892e-23, 2.1584e-23, 8.6640e-24,
         2.1952e-24, 7.2387e-34]], dtype=torch.float64), 'xS8aer': tensor([[1.4554e-34, 3.1418e-34, 8.1610e-34, 4.3640e-31, 5.0167e-26, 4.3808e-22,
         1.9398e-21, 2.1839e-21, 2.0329e-21, 2.5566e-21, 6.3788e-21, 5.3117e-21,
         7.8197e-23, 7.2226e-29, 1.0973e-33, 6.3268e-36, 9.0716e-38, 3.9154e-38,
         3.3684e-38, 3.4532e-38, 3.6800e-38, 4.0172e-38, 4.4631e-38, 5.0270e-38,
         5.7356e-38, 6.6300e-38, 7.7303e-38, 9.0772e-38, 1.0741e-37, 1.2819e-37,
         1.5371e-37, 1.8494e-37, 2.2353e-37, 2.7139e-37, 3.2982e-37, 4.0111e-37,
         4.8931e-37, 5.9470e-37, 6.7815e-37, 5.8496e-37, 1.0000e-40, 1.0000e-40,
         1.0000e-40, 1.0000e-40, 1.0000e-40, 1.0000e-40, 1.0000e-40, 1.0000e-40,
         1.0000e-40, 1.0000e-40, 1.0000e-40, 1.0000e-40, 1.0000e-40, 1.0000e-40,
         1.0000e-40, 1.0000e-40, 1.0000e-40, 1.0000e-40, 1.0000e-40, 1.0000e-40,
         1.0000e-40, 1.0000e-40, 1.0000e-40, 1.0000e-40, 1.0000e-40, 1.0000e-40,
         1.0000e-40, 1.0000e-40, 1.0000e-40, 1.0000e-40, 1.0000e-40, 1.0000e-40,
         1.0000e-40, 1.0000e-40, 1.0000e-40, 1.0000e-40, 1.0000e-40, 1.0000e-40,
         1.0000e-40, 1.0000e-40]], dtype=torch.float64), 'pres': tensor([[5.0310e+04, 4.4031e+04, 3.8424e+04, 3.3415e+04, 2.8938e+04, 2.4937e+04,
         2.1364e+04, 1.8179e+04, 1.5350e+04, 1.2850e+04, 1.0655e+04, 8.7412e+03,
         7.0855e+03, 5.6661e+03, 4.4621e+03, 3.4895e+03, 2.7289e+03, 2.1340e+03,
         1.6687e+03, 1.3048e+03, 1.0203e+03, 7.9778e+02, 6.2381e+02, 4.8778e+02,
         3.8141e+02, 2.9824e+02, 2.3321e+02, 1.8236e+02, 1.4260e+02, 1.1151e+02,
         8.7197e+01, 6.8188e+01, 5.3324e+01, 4.1701e+01, 3.2612e+01, 2.5505e+01,
         1.9947e+01, 1.5601e+01, 1.2203e+01, 9.5453e+00, 7.4693e+00, 5.8459e+00,
         4.5762e+00, 3.5830e+00, 2.8062e+00, 2.1986e+00, 1.7232e+00, 1.3514e+00,
         1.0605e+00, 8.3296e-01, 6.5498e-01, 5.1579e-01, 4.0699e-01, 3.2203e-01,
         2.5574e-01, 2.0407e-01, 1.6365e-01, 1.3185e-01, 1.0674e-01, 8.6835e-02,
         7.0958e-02, 5.8188e-02, 4.7857e-02, 3.9456e-02, 3.2596e-02, 2.6972e-02,
         2.2344e-02, 1.8527e-02, 1.5370e-02, 1.2757e-02, 1.0590e-02, 8.7936e-03,
         7.3028e-03, 6.0657e-03, 5.0388e-03, 4.1862e-03, 3.4782e-03, 2.8902e-03,
         2.4017e-03, 1.9960e-03]], dtype=torch.float64)}"
86400,224.786,3.12034e-08,"{'alt': tensor([[  500.0000,  1753.1646,  3006.3291,  4259.4937,  5512.6582,  6765.8228,
          8018.9873,  9272.1519, 10525.3165, 11778.4810, 13031.6456, 14284.8101,
         15537.9747, 16791.1392, 18044.3038, 19297.4684, 20550.6329, 21803.7975,
         23056.9620, 24310.1266, 25563.2911, 26816.4557, 28069.6203, 29322.7848,
         30575.9494, 31829.1139, 33082.2785, 34335.4430, 35588.6076, 36841.7722,
         38094.9367, 39348.1013, 40601.2658, 41854.4304, 43107.5949, 44360.7595,
         45613.9241, 46867.0886, 48120.2532, 49373.4177, 50626.5823, 51879.7468,
         53132.9114, 54386.0759, 55639.2405, 56892.4051, 58145.5696, 59398.7342,
         60651.8987, 61905.0633, 63158.2278, 64411.3924, 65664.5570, 66917.7215,
         68170.8861, 69424.0506, 70677.2152, 71930.3797, 73183.5443, 74436.7089,
         75689.8734, 76943.0380, 78196.2025, 79449.3671, 80702.5316, 81955.6962,
         83208.8608, 84462.0253, 85715.1899, 86968.3544, 88221.5190, 89474.6835,
         90727.8481, 91981.0127, 93234.1772, 94487.3418, 95740.5063, 96993.6709,
         98246.8354, 99500.0000]], dtype=torch.float64), 'dz': tensor([1250., 1250., 1250., 1250., 1250., 1250., 1250., 1250., 1250., 1250.,
        1250., 1250., 1250., 1250., 1250., 1250., 1250., 1250., 1250., 1250.,
        1250., 1250., 1250., 1250., 1250., 1250., 1250., 1250., 1250., 1250.,
        1250., 1250., 1250., 1250., 1250., 1250., 1250., 1250., 1250., 1250.,
        1250., 1250., 1250., 1250., 1250., 1250., 1250., 1250., 1250., 1250.,
        1250., 1250., 1250., 1250., 1250., 1250., 1250., 1250., 1250., 1250.,
        1250., 1250., 1250., 1250., 1250., 1250., 1250., 1250., 1250., 1250.,
        1250., 1250., 1250., 1250., 1250., 1250., 1250., 1250., 1250., 1250.],
       dtype=torch.float64), 'temp': tensor([[188.6568, 184.8216, 180.6315, 176.0795, 170.9680, 165.2911, 159.0753,
         152.4345, 145.5259, 138.4883, 131.4024, 124.3183, 117.2080, 110.1172,
         103.0496, 100.0784, 100.0755, 100.0618, 100.0413, 100.0265, 100.0217,
         100.0212, 100.0219, 100.0234, 100.0255, 100.0285, 100.0321, 100.0364,
         100.0414, 100.0472, 100.0537, 100.0609, 100.0690, 100.0781, 100.0883,
         100.1000, 100.1134, 100.1292, 100.1493, 100.1956, 100.3379, 100.4241,
         100.5063, 100.6074, 100.7340, 100.8938, 101.0948, 101.3497, 101.6836,
         102.1230, 102.6985, 103.4653, 104.5409, 106.0577, 108.1508, 110.8852,
         113.8190, 116.6479, 119.5149, 122.3824, 124.9190, 126.8545, 128.3765,
         129.5694, 130.4800, 131.1432, 131.6098, 131.9523, 132.2033, 132.4041,
         132.5641, 132.7235, 132.8328, 132.9445, 133.0265, 133.1055, 133.1584,
         133.2132, 133.2501, 133.2858]], dtype=torch.float64), 'xCO2': tensor([[9.9372e-01, 8.4374e-01, 7.1953e-01, 5.6976e-01, 3.8696e-01, 2.2994e-01,
         1.2274e-01, 5.9043e-02, 2.5417e-02, 1.0740e-02, 4.0857e-03, 1.3331e-03,
         3.3552e-04, 8.2260e-05, 1.8922e-05, 7.6854e-06, 7.2592e-06, 8.9390e-06,
         1.1300e-05, 1.4339e-05, 1.8259e-05, 2.3403e-05, 2.9936e-05, 3.8215e-05,
         4.8833e-05, 6.2685e-05, 8.0272e-05, 1.0257e-04, 1.3125e-04, 1.6863e-04,
         2.1612e-04, 2.7638e-04, 3.5416e-04, 4.5544e-04, 5.8433e-04, 7.4812e-04,
         9.6041e-04, 1.2381e-03, 1.5966e-03, 2.0695e-03, 2.7157e-03, 3.5745e-03,
         4.6883e-03, 6.1384e-03, 8.0980e-03, 1.0766e-02, 1.4356e-02, 1.9208e-02,
         2.6025e-02, 3.5536e-02, 4.8589e-02, 6.6594e-02, 9.2576e-02, 1.2896e-01,
         1.7640e-01, 2.3243e-01, 2.8958e-01, 3.4055e-01, 3.8555e-01, 4.2796e-01,
         4.7086e-01, 5.1496e-01, 5.6052e-01, 6.0741e-01, 6.5484e-01, 7.0179e-01,
         7.4716e-01, 7.8982e-01, 8.2764e-01, 8.6012e-01, 8.8686e-01, 9.0820e-01,
         9.2381e-01, 9.3585e-01, 9.4547e-01, 9.5393e-01, 9.6194e-01, 9.7044e-01,
         9.7967e-01, 9.8981e-01]], dtype=torch.float64), 'xH2O': tensor([[5.3257e-07, 3.0143e-07, 1.6461e-07, 8.1335e-08, 3.3496e-08, 1.2267e-08,
         3.6781e-09, 8.5467e-10, 1.3167e-10, 5.6283e-12, 4.5616e-13, 4.8413e-13,
         3.8797e-13, 2.0897e-13, 9.6874e-14, 7.8931e-14, 4.5439e-14, 5.2249e-15,
         2.4683e-15, 1.6564e-15, 1.3016e-15, 1.1334e-15, 1.0422e-15, 9.9360e-16,
         9.6909e-16, 9.5815e-16, 9.5517e-16, 9.6037e-16, 9.7654e-16, 1.0073e-15,
         1.0535e-15, 1.1177e-15, 1.2052e-15, 1.3245e-15, 1.4851e-15, 1.7068e-15,
         2.0341e-15, 2.5390e-15, 3.3037e-15, 4.4661e-15, 6.3240e-15, 8.7786e-15,
         1.1863e-14, 1.5720e-14, 2.0786e-14, 2.7688e-14, 3.7192e-14, 5.0673e-14,
         7.1968e-14, 1.0739e-13, 1.6802e-13, 2.8065e-13, 5.7471e-13, 1.4990e-12,
         3.8529e-12, 6.4783e-12, 8.3319e-12, 9.4792e-12, 1.0486e-11, 1.2190e-11,
         1.5786e-11, 2.1868e-11, 3.0394e-11, 4.0634e-11, 5.1039e-11, 5.9918e-11,
         6.6365e-11, 7.0143e-11, 7.1259e-11, 7.0690e-11, 6.9142e-11, 6.7218e-11,
         6.5457e-11, 6.4293e-11, 6.4005e-11, 6.4836e-11, 6.7205e-11, 7.1123e-11,
         7.6738e-11, 8.4222e-11]], dtype=torch.float64), 'xSO2': tensor([[1.2587e-02, 9.1691e-03, 6.5862e-03, 4.4260e-03, 2.6530e-03, 1.4067e-03,
         6.3831e-04, 2.4430e-04, 7.7094e-05, 2.3322e-05, 5.7730e-06, 1.0757e-06,
         1.2957e-07, 1.7556e-08, 2.0724e-09, 4.8039e-10, 3.7245e-10, 4.2244e-10,
         4.9440e-10, 5.6700e-10, 6.5524e-10, 7.8404e-10, 9.5860e-10, 1.1868e-09,
         1.4834e-09, 1.8716e-09, 2.3642e-09, 2.9871e-09, 3.7852e-09, 4.8203e-09,
         6.1302e-09, 7.7863e-09, 9.9177e-09, 1.2691e-08, 1.6228e-08, 2.0762e-08,
         2.6768e-08, 3.4928e-08, 4.5955e-08, 6.1009e-08, 8.2244e-08, 1.1169e-07,
         1.5107e-07, 2.0370e-07, 2.7684e-07, 3.7938e-07, 5.2139e-07, 7.1948e-07,
         1.0094e-06, 1.4336e-06, 2.0456e-06, 2.9360e-06, 4.3204e-06, 6.4829e-06,
         9.8347e-06, 1.5035e-05, 2.3361e-05, 3.5435e-05, 5.0829e-05, 6.7809e-05,
         8.3142e-05, 9.4469e-05, 1.0163e-04, 1.0545e-04, 1.0666e-04, 1.0624e-04,
         1.0455e-04, 1.0172e-04, 9.7647e-05, 9.2561e-05, 8.6655e-05, 8.0206e-05,
         7.3491e-05, 6.6915e-05, 6.0722e-05, 5.5099e-05, 5.0249e-05, 4.6113e-05,
         4.2658e-05, 3.9840e-05]], dtype=torch.float64), 'xH2SO4aer': tensor([[6.5702e-08, 7.4539e-08, 8.5387e-08, 9.6123e-08, 1.0726e-07, 1.2041e-07,
         1.3557e-07, 1.5377e-07, 1.7940e-07, 3.2616e-07, 9.7748e-07, 7.8108e-07,
         9.7971e-09, 7.1778e-13, 1.0416e-13, 6.3924e-14, 6.4671e-14, 5.7424e-14,
         3.9452e-14, 2.6795e-14, 1.8338e-14, 1.2852e-14, 9.0709e-15, 6.4525e-15,
         4.6538e-15, 3.4308e-15, 2.5539e-15, 1.9232e-15, 1.4763e-15, 1.1641e-15,
         9.3885e-16, 7.7977e-16, 6.7512e-16, 6.1485e-16, 5.8775e-16, 5.8922e-16,
         6.1722e-16, 6.6793e-16, 7.3458e-16, 8.1201e-16, 8.8803e-16, 9.3691e-16,
         9.5265e-16, 9.4229e-16, 9.2100e-16, 9.0514e-16, 9.0341e-16, 9.2038e-16,
         9.6098e-16, 1.0256e-15, 1.1129e-15, 1.2209e-15, 1.3328e-15, 1.3601e-15,
         1.0727e-15, 4.2145e-16, 9.8285e-17, 2.0572e-17, 4.0771e-18, 9.7571e-19,
         4.3373e-19, 2.6216e-19, 1.7220e-19, 1.1335e-19, 7.3326e-20, 4.5145e-20,
         2.6106e-20, 1.4089e-20, 7.4892e-21, 3.8286e-21, 1.8722e-21, 8.7827e-22,
         4.3551e-22, 2.1611e-22, 1.0636e-22, 5.0959e-23, 2.4710e-23, 1.0307e-23,
         2.7973e-24, 1.0000e-40]], dtype=torch.float64), 'xS8aer': tensor([[1.4555e-34, 3.1421e-34, 8.6906e-34, 8.5704e-31, 6.2884e-26, 4.3912e-22,
         1.9460e-21, 2.2398e-21, 2.0610e-21, 2.7764e-21, 6.7027e-21, 4.5920e-21,
         3.4453e-23, 4.0186e-30, 1.1240e-33, 6.3586e-36, 8.7435e-38, 3.7272e-38,
         3.2570e-38, 3.4008e-38, 3.6693e-38, 4.0378e-38, 4.5127e-38, 5.1076e-38,
         5.8528e-38, 6.7935e-38, 7.9516e-38, 9.3700e-38, 1.1122e-37, 1.3307e-37,
         1.5987e-37, 1.9266e-37, 2.3317e-37, 2.8352e-37, 3.4524e-37, 4.2100e-37,
         5.1525e-37, 6.2804e-37, 7.1589e-37, 6.1554e-37, 1.0000e-40, 1.0000e-40,
         1.0000e-40, 1.0000e-40, 1.0000e-40, 1.0000e-40, 1.0000e-40, 1.0000e-40,
         1.0000e-40, 1.0000e-40, 1.0000e-40, 1.0000e-40, 1.0000e-40, 1.0000e-40,
         1.0000e-40, 1.0000e-40, 1.0000e-40, 1.0000e-40, 1.0000e-40, 1.0000e-40,
         1.0000e-40, 1.0000e-40, 1.0000e-40, 1.0000e-40, 1.0000e-40, 1.0000e-40,
         1.0000e-40, 1.0000e-40, 1.0000e-40, 1.0000e-40, 1.0000e-40, 1.0000e-40,
         1.0000e-40, 1.0000e-40, 1.0000e-40, 1.0000e-40, 1.0000e-40, 1.0000e-40,
         1.0000e-40, 1.0000e-40]], dtype=torch.float64), 'pres': tensor([[5.0313e+04, 4.4041e+04, 3.8433e+04, 3.3421e+04, 2.8941e+04, 2.4938e+04,
         2.1365e+04, 1.8180e+04, 1.5352e+04, 1.2853e+04, 1.0658e+04, 8.7445e+03,
         7.0887e+03, 5.6692e+03, 4.4651e+03, 3.4919e+03, 2.7308e+03, 2.1355e+03,
         1.6699e+03, 1.3057e+03, 1.0210e+03, 7.9833e+02, 6.2424e+02, 4.8811e+02,
         3.8167e+02, 2.9844e+02, 2.3337e+02, 1.8248e+02, 1.4270e+02, 1.1158e+02,
         8.7258e+01, 6.8236e+01, 5.3362e+01, 4.1731e+01, 3.2636e+01, 2.5524e+01,
         1.9962e+01, 1.5613e+01, 1.2212e+01, 9.5531e+00, 7.4756e+00, 5.8512e+00,
         4.5806e+00, 3.5868e+00, 2.8095e+00, 2.2015e+00, 1.7259e+00, 1.3539e+00,
         1.0629e+00, 8.3535e-01, 6.5738e-01, 5.1825e-01, 4.0957e-01, 3.2477e-01,
         2.5868e-01, 2.0721e-01, 1.6692e-01, 1.3518e-01, 1.1003e-01, 8.9989e-02,
         7.3901e-02, 6.0872e-02, 5.0255e-02, 4.1563e-02, 3.4420e-02, 2.8532e-02,
         2.3667e-02, 1.9641e-02, 1.6305e-02, 1.3540e-02, 1.1247e-02, 9.3435e-03,
         7.7636e-03, 6.4519e-03, 5.3624e-03, 4.4574e-03, 3.7054e-03, 3.0805e-03,
         2.5611e-03, 2.1294e-03]], dtype=torch.float64)}"
108000,223.807,3.10524e-08,"{'alt': tensor([[  500.0000,  1753.1646,  3006.3291,  4259.4937,  5512.6582,  6765.8228,
          8018.9873,  9272.1519, 10525.3165, 11778.4810, 13031.6456, 14284.8101,
         15537.9747, 16791.1392, 18044.3038, 19297.4684, 20550.6329, 21803.7975,
         23056.9620, 24310.1266, 25563.2911, 26816.4557, 28069.6203, 29322.7848,
         30575.9494, 31829.1139, 33082.2785, 34335.4430, 35588.6076, 36841.7722,
         38094.9367, 39348.1013, 40601.2658, 41854.4304, 43107.5949, 44360.7595,
         45613.9241, 46867.0886, 48120.2532, 49373.4177, 50626.5823, 51879.7468,
         53132.9114, 54386.0759, 55639.2405, 56892.4051, 58145.5696, 59398.7342,
         60651.8987, 61905.0633, 63158.2278, 64411.3924, 65664.5570, 66917.7215,
         68170.8861, 69424.0506, 70677.2152, 71930.3797, 73183.5443, 74436.7089,
         75689.8734, 76943.0380, 78196.2025, 79449.3671, 80702.5316, 81955.6962,
         83208.8608, 84462.0253, 85715.1899, 86968.3544, 88221.5190, 89474.6835,
         90727.8481, 91981.0127, 93234.1772, 94487.3418, 95740.5063, 96993.6709,
         98246.8354, 99500.0000]], dtype=torch.float64), 'dz': tensor([1250., 1250., 1250., 1250., 1250., 1250., 1250., 1250., 1250., 1250.,
        1250., 1250., 1250., 1250., 1250., 1250., 1250., 1250., 1250., 1250.,
        1250., 1250., 1250., 1250., 1250., 1250., 1250., 1250., 1250., 1250.,
        1250., 1250., 1250., 1250., 1250., 1250., 1250., 1250., 1250., 1250.,
        1250., 1250., 1250., 1250., 1250., 1250., 1250., 1250., 1250., 1250.,
        1250., 1250., 1250., 1250., 1250., 1250., 1250., 1250., 1250., 1250.,
        1250., 1250., 1250., 1250., 1250., 1250., 1250., 1250., 1250., 1250.,
        1250., 1250., 1250., 1250., 1250., 1250., 1250., 1250., 1250., 1250.],
       dtype=torch.float64), 'temp': tensor([[188.7536, 184.9116, 180.7101, 176.0869, 170.9607, 165.2835, 159.0839,
         152.4649, 145.5720, 138.5441, 131.4661, 124.3741, 117.2849, 110.2052,
         103.1376, 100.0794, 100.0756, 100.0619, 100.0414, 100.0266, 100.0218,
         100.0213, 100.0220, 100.0235, 100.0258, 100.0288, 100.0325, 100.0369,
         100.0421, 100.0481, 100.0548, 100.0624, 100.0708, 100.0805, 100.0915,
         100.1041, 100.1187, 100.1362, 100.1584, 100.2076, 100.3538, 100.4454,
         100.5346, 100.6451, 100.7847, 100.9624, 101.1881, 101.4773, 101.8604,
         102.3702, 103.0452, 103.9528, 105.2352, 107.0442, 109.5126, 112.6661,
         115.9870, 119.0860, 122.0427, 124.7910, 127.0302, 128.5960, 129.7487,
         130.5938, 131.2105, 131.6602, 131.9964, 132.2734, 132.5013, 132.7019,
         132.8648, 133.0193, 133.1306, 133.2426, 133.3234, 133.4029, 133.4585,
         133.5165, 133.5580, 133.5964]], dtype=torch.float64), 'xCO2': tensor([[9.9367e-01, 8.4899e-01, 7.1835e-01, 5.6734e-01, 3.9240e-01, 2.3888e-01,
         1.3029e-01, 6.4002e-02, 2.8198e-02, 1.2142e-02, 4.5638e-03, 1.4116e-03,
         3.4184e-04, 8.3514e-05, 1.9161e-05, 7.7134e-06, 7.2574e-06, 8.9309e-06,
         1.1290e-05, 1.4328e-05, 1.8247e-05, 2.3389e-05, 2.9918e-05, 3.8192e-05,
         4.8805e-05, 6.2651e-05, 8.0230e-05, 1.0252e-04, 1.3119e-04, 1.6856e-04,
         2.1606e-04, 2.7633e-04, 3.5413e-04, 4.5550e-04, 5.8454e-04, 7.4861e-04,
         9.6139e-04, 1.2401e-03, 1.6003e-03, 2.0754e-03, 2.7196e-03, 3.5784e-03,
         4.6964e-03, 6.1550e-03, 8.1274e-03, 1.0813e-02, 1.4425e-02, 1.9305e-02,
         2.6155e-02, 3.5723e-02, 4.8876e-02, 6.7000e-02, 9.2969e-02, 1.2884e-01,
         1.7487e-01, 2.2883e-01, 2.8474e-01, 3.3614e-01, 3.8236e-01, 4.2589e-01,
         4.6924e-01, 5.1337e-01, 5.5873e-01, 6.0525e-01, 6.5212e-01, 6.9837e-01,
         7.4291e-01, 7.8464e-01, 8.2165e-01, 8.5358e-01, 8.8020e-01, 9.0187e-01,
         9.1840e-01, 9.3173e-01, 9.4281e-01, 9.5271e-01, 9.6200e-01, 9.7148e-01,
         9.8138e-01, 9.9186e-01]], dtype=torch.float64), 'xH2O': tensor([[5.5029e-07, 3.1208e-07, 1.6663e-07, 8.0647e-08, 3.2971e-08, 1.2104e-08,
         3.6558e-09, 8.5804e-10, 1.3466e-10, 6.4743e-12, 4.6910e-13, 4.4760e-13,
         3.5836e-13, 2.2651e-13, 1.1113e-13, 9.0872e-14, 5.7643e-14, 6.1212e-15,
         2.7653e-15, 1.8751e-15, 1.4882e-15, 1.3002e-15, 1.1948e-15, 1.1360e-15,
         1.1043e-15, 1.0884e-15, 1.0816e-15, 1.0836e-15, 1.0971e-15, 1.1259e-15,
         1.1714e-15, 1.2365e-15, 1.3273e-15, 1.4531e-15, 1.6243e-15, 1.8623e-15,
         2.2133e-15, 2.7486e-15, 3.5443e-15, 4.7320e-15, 6.6087e-15, 9.0852e-15,
         1.2225e-14, 1.6194e-14, 2.1458e-14, 2.8696e-14, 3.8773e-14, 5.3293e-14,
         7.6947e-14, 1.1808e-13, 1.9255e-13, 3.4173e-13, 7.8923e-13, 2.3547e-12,
         5.2239e-12, 7.9185e-12, 9.8733e-12, 1.1146e-11, 1.2300e-11, 1.4139e-11,
         1.7727e-11, 2.3477e-11, 3.1244e-11, 4.0363e-11, 4.9589e-11, 5.7598e-11,
         6.3637e-11, 6.7447e-11, 6.8943e-11, 6.8908e-11, 6.7946e-11, 6.6609e-11,
         6.5414e-11, 6.4788e-11, 6.5005e-11, 6.6309e-11, 6.9114e-11, 7.3435e-11,
         7.9422e-11, 8.7246e-11]], dtype=torch.float64), 'xSO2': tensor([[1.2840e-02, 9.3463e-03, 6.6233e-03, 4.3981e-03, 2.6290e-03, 1.4061e-03,
         6.5308e-04, 2.5520e-04, 8.0060e-05, 2.3929e-05, 5.8797e-06, 1.0939e-06,
         1.3138e-07, 1.7838e-08, 2.1081e-09, 4.8778e-10, 3.7925e-10, 4.2969e-10,
         5.0466e-10, 5.7439e-10, 6.4856e-10, 7.5785e-10, 9.0990e-10, 1.1121e-09,
         1.3773e-09, 1.7256e-09, 2.1678e-09, 2.7269e-09, 3.4425e-09, 4.3695e-09,
         5.5415e-09, 7.0225e-09, 8.9286e-09, 1.1412e-08, 1.4592e-08, 1.8695e-08,
         2.4182e-08, 3.1720e-08, 4.1995e-08, 5.6112e-08, 7.6145e-08, 1.0417e-07,
         1.4203e-07, 1.9301e-07, 2.6426e-07, 3.6464e-07, 5.0432e-07, 6.9993e-07,
         9.8721e-07, 1.4088e-06, 2.0188e-06, 2.9085e-06, 4.2939e-06, 6.4573e-06,
         9.7935e-06, 1.4908e-05, 2.2893e-05, 3.4049e-05, 4.7740e-05, 6.2446e-05,
         7.5675e-05, 8.5648e-05, 9.2127e-05, 9.5611e-05, 9.6576e-05, 9.5903e-05,
         9.3973e-05, 9.0958e-05, 8.6823e-05, 8.1839e-05, 7.6217e-05, 7.0219e-05,
         6.4117e-05, 5.8230e-05, 5.2746e-05, 4.7802e-05, 4.3559e-05, 3.9948e-05,
         3.6939e-05, 3.4493e-05]], dtype=torch.float64), 'xH2SO4aer': tensor([[6.5703e-08, 7.4540e-08, 8.5389e-08, 9.6128e-08, 1.0728e-07, 1.2044e-07,
         1.3568e-07, 1.5411e-07, 1.8103e-07, 3.5249e-07, 1.0155e-06, 6.9636e-07,
         4.9086e-09, 9.3934e-13, 1.2252e-13, 7.4161e-14, 7.5200e-14, 6.9201e-14,
         4.7841e-14, 3.2555e-14, 2.2283e-14, 1.5600e-14, 1.0982e-14, 7.7759e-15,
         5.5701e-15, 4.0700e-15, 2.9961e-15, 2.2263e-15, 1.6841e-15, 1.3083e-15,
         1.0390e-15, 8.4925e-16, 7.2336e-16, 6.4791e-16, 6.0878e-16, 5.9974e-16,
         6.1721e-16, 6.5601e-16, 7.0874e-16, 7.7045e-16, 8.2963e-16, 8.6749e-16,
         8.7963e-16, 8.7100e-16, 8.5359e-16, 8.4179e-16, 8.4417e-16, 8.6571e-16,
         9.1216e-16, 9.8484e-16, 1.0820e-15, 1.1988e-15, 1.3045e-15, 1.2615e-15,
         7.7098e-16, 2.1411e-16, 4.1216e-17, 8.1250e-18, 1.6771e-18, 4.6807e-19,
         2.4049e-19, 1.6011e-19, 1.1374e-19, 8.0440e-20, 5.5194e-20, 3.5739e-20,
         2.1580e-20, 1.2077e-20, 6.5866e-21, 3.4488e-21, 1.7308e-21, 8.3623e-22,
         4.2521e-22, 2.1618e-22, 1.0878e-22, 5.3032e-23, 2.5842e-23, 1.0662e-23,
         2.7363e-24, 1.0000e-40]], dtype=torch.float64), 'xS8aer': tensor([[1.4556e-34, 3.1425e-34, 9.6535e-34, 1.4672e-30, 7.5218e-26, 4.4009e-22,
         1.9720e-21, 2.3097e-21, 2.0886e-21, 2.9710e-21, 6.9031e-21, 4.0471e-21,
         1.5846e-23, 4.4501e-31, 1.1683e-33, 6.5406e-36, 8.8391e-38, 3.8444e-38,
         3.4219e-38, 3.6098e-38, 3.9182e-38, 4.3254e-38, 4.8419e-38, 5.4843e-38,
         6.2874e-38, 7.3021e-38, 8.5536e-38, 1.0091e-37, 1.1995e-37, 1.4377e-37,
         1.7305e-37, 2.0892e-37, 2.5327e-37, 3.0838e-37, 3.7585e-37, 4.5829e-37,
         5.5944e-37, 6.7854e-37, 7.7038e-37, 6.6338e-37, 1.0000e-40, 1.0000e-40,
         1.0000e-40, 1.0000e-40, 1.0000e-40, 1.0000e-40, 1.0000e-40, 1.0000e-40,
         1.0000e-40, 1.0000e-40, 1.0000e-40, 1.0000e-40, 1.0000e-40, 1.0000e-40,
         1.0000e-40, 1.0000e-40, 1.0000e-40, 1.0000e-40, 1.0000e-40, 1.0000e-40,
         1.0000e-40, 1.0000e-40, 1.0000e-40, 1.0000e-40, 1.0000e-40, 1.0000e-40,
         1.0000e-40, 1.0000e-40, 1.0000e-40, 1.0000e-40, 1.0000e-40, 1.0000e-40,
         1.0000e-40, 1.0000e-40, 1.0000e-40, 1.0000e-40, 1.0000e-40, 1.0000e-40,
         1.0000e-40, 1.0000e-40]], dtype=torch.float64), 'pres': tensor([[5.0314e+04, 4.4045e+04, 3.8439e+04, 3.3426e+04, 2.8946e+04, 2.4942e+04,
         2.1368e+04, 1.8183e+04, 1.5356e+04, 1.2857e+04, 1.0663e+04, 8.7487e+03,
         7.0931e+03, 5.6738e+03, 4.4696e+03, 3.4954e+03, 2.7335e+03, 2.1376e+03,
         1.6715e+03, 1.3070e+03, 1.0220e+03, 7.9914e+02, 6.2487e+02, 4.8861e+02,
         3.8206e+02, 2.9875e+02, 2.3360e+02, 1.8267e+02, 1.4284e+02, 1.1170e+02,
         8.7347e+01, 6.8306e+01, 5.3417e+01, 4.1774e+01, 3.2670e+01, 2.5551e+01,
         1.9984e+01, 1.5630e+01, 1.2226e+01, 9.5640e+00, 7.4844e+00, 5.8584e+00,
         4.5866e+00, 3.5918e+00, 2.8138e+00, 2.2052e+00, 1.7292e+00, 1.3569e+00,
         1.0657e+00, 8.3803e-01, 6.6003e-01, 5.2092e-01, 4.1231e-01, 3.2765e-01,
         2.6172e-01, 2.1037e-01, 1.7016e-01, 1.3840e-01, 1.1313e-01, 9.2884e-02,
         7.6528e-02, 6.3202e-02, 5.2284e-02, 4.3306e-02, 3.5901e-02, 2.9782e-02,
         2.4717e-02, 2.0521e-02, 1.7044e-02, 1.4159e-02, 1.1766e-02, 9.7787e-03,
         8.1286e-03, 6.7580e-03, 5.6192e-03, 4.6727e-03, 3.8860e-03, 3.2320e-03,
         2.6882e-03, 2.2360e-03]], dtype=torch.float64)}"
129600,223.107,3.65554e-08,"{'alt': tensor([[  500.0000,  1753.1646,  3006.3291,  4259.4937,  5512.6582,  6765.8228,
          8018.9873,  9272.1519, 10525.3165, 11778.4810, 13031.6456, 14284.8101,
         15537.9747, 16791.1392, 18044.3038, 19297.4684, 20550.6329, 21803.7975,
         23056.9620, 24310.1266, 25563.2911, 26816.4557, 28069.6203, 29322.7848,
         30575.9494, 31829.1139, 33082.2785, 34335.4430, 35588.6076, 36841.7722,
         38094.9367, 39348.1013, 40601.2658, 41854.4304, 43107.5949, 44360.7595,
         45613.9241, 46867.0886, 48120.2532, 49373.4177, 50626.5823, 51879.7468,
         53132.9114, 54386.0759, 55639.2405, 56892.4051, 58145.5696, 59398.7342,
         60651.8987, 61905.0633, 63158.2278, 64411.3924, 65664.5570, 66917.7215,
         68170.8861, 69424.0506, 70677.2152, 71930.3797, 73183.5443, 74436.7089,
         75689.8734, 76943.0380, 78196.2025, 79449.3671, 80702.5316, 81955.6962,
         83208.8608, 84462.0253, 85715.1899, 86968.3544, 88221.5190, 89474.6835,
         90727.8481, 91981.0127, 93234.1772, 94487.3418, 95740.5063, 96993.6709,
         98246.8354, 99500.0000]], dtype=torch.float64), 'dz': tensor([1250., 1250., 1250., 1250., 1250., 1250., 1250., 1250., 1250., 1250.,
        1250., 1250., 1250., 1250., 1250., 1250., 1250., 1250., 1250., 1250.,
        1250., 1250., 1250., 1250., 1250., 1250., 1250., 1250., 1250., 1250.,
        1250., 1250., 1250., 1250., 1250., 1250., 1250., 1250., 1250., 1250.,
        1250., 1250., 1250., 1250., 1250., 1250., 1250., 1250., 1250., 1250.,
        1250., 1250., 1250., 1250., 1250., 1250., 1250., 1250., 1250., 1250.,
        1250., 1250., 1250., 1250., 1250., 1250., 1250., 1250., 1250., 1250.,
        1250., 1250., 1250., 1250., 1250., 1250., 1250., 1250., 1250., 1250.],
       dtype=torch.float64), 'temp': tensor([[188.7755, 184.9452, 180.7547, 176.1351, 171.0075, 165.3287, 159.1305,
         152.5154, 145.6307, 138.6083, 131.5489, 124.4481, 117.3819, 110.2535,
         103.1859, 100.0804, 100.0756, 100.0619, 100.0415, 100.0266, 100.0219,
         100.0214, 100.0222, 100.0237, 100.0260, 100.0291, 100.0329, 100.0374,
         100.0427, 100.0489, 100.0560, 100.0638, 100.0728, 100.0830, 100.0947,
         100.1082, 100.1241, 100.1432, 100.1676, 100.2197, 100.3698, 100.4668,
         100.5632, 100.6833, 100.8360, 101.0321, 101.2831, 101.6072, 102.0405,
         102.6222, 103.3989, 104.4496, 105.9392, 108.0322, 110.8461, 114.3522,
         117.9519, 121.1786, 124.0649, 126.5476, 128.4151, 129.6317, 130.4992,
         131.1269, 131.5968, 131.9642, 132.2635, 132.5269, 132.7499, 132.9488,
         133.1092, 133.2565, 133.3670, 133.4773, 133.5561, 133.6346, 133.6896,
         133.7463, 133.7873, 133.8237]], dtype=torch.float64), 'xCO2': tensor([[9.9365e-01, 8.5271e-01, 7.1790e-01, 5.6664e-01, 3.9379e-01, 2.4542e-01,
         1.3752e-01, 6.8964e-02, 3.0545e-02, 1.2793e-02, 4.6819e-03, 1.4341e-03,
         3.4777e-04, 8.5247e-05, 1.9527e-05, 7.7530e-06, 7.2538e-06, 8.9225e-06,
         1.1279e-05, 1.4314e-05, 1.8230e-05, 2.3367e-05, 2.9891e-05, 3.8158e-05,
         4.8762e-05, 6.2596e-05, 8.0162e-05, 1.0243e-04, 1.3109e-04, 1.6845e-04,
         2.1592e-04, 2.7618e-04, 3.5400e-04, 4.5541e-04, 5.8457e-04, 7.4890e-04,
         9.6235e-04, 1.2419e-03, 1.6035e-03, 2.0808e-03, 2.7244e-03, 3.5837e-03,
         4.7054e-03, 6.1718e-03, 8.1566e-03, 1.0860e-02, 1.4494e-02, 1.9401e-02,
         2.6289e-02, 3.5915e-02, 4.9158e-02, 6.7369e-02, 9.3263e-02, 1.2859e-01,
         1.7334e-01, 2.2554e-01, 2.8033e-01, 3.3190e-01, 3.7908e-01, 4.2364e-01,
         4.6747e-01, 5.1170e-01, 5.5691e-01, 6.0305e-01, 6.4939e-01, 6.9496e-01,
         7.3873e-01, 7.7967e-01, 8.1601e-01, 8.4754e-01, 8.7412e-01, 8.9614e-01,
         9.1346e-01, 9.2784e-01, 9.4008e-01, 9.5111e-01, 9.6137e-01, 9.7159e-01,
         9.8200e-01, 9.9272e-01]], dtype=torch.float64), 'xH2O': tensor([[5.5787e-07, 3.1776e-07, 1.6892e-07, 8.0928e-08, 3.2873e-08, 1.2069e-08,
         3.6558e-09, 8.6249e-10, 1.3717e-10, 7.4494e-12, 4.9977e-13, 4.4112e-13,
         3.5280e-13, 2.4323e-13, 1.2471e-13, 1.0260e-13, 7.1905e-14, 7.8708e-15,
         3.1352e-15, 2.1154e-15, 1.6858e-15, 1.4754e-15, 1.3549e-15, 1.2855e-15,
         1.2465e-15, 1.2255e-15, 1.2148e-15, 1.2135e-15, 1.2239e-15, 1.2501e-15,
         1.2942e-15, 1.3596e-15, 1.4530e-15, 1.5851e-15, 1.7669e-15, 2.0209e-15,
         2.3950e-15, 2.9585e-15, 3.7833e-15, 4.9978e-15, 6.9006e-15, 9.4082e-15,
         1.2610e-14, 1.6697e-14, 2.2178e-14, 2.9797e-14, 4.0532e-14, 5.6251e-14,
         8.2663e-14, 1.3067e-13, 2.2264e-13, 4.2158e-13, 1.0932e-12, 3.2820e-12,
         6.5014e-12, 9.2729e-12, 1.1332e-11, 1.2740e-11, 1.4043e-11, 1.5994e-11,
         1.9523e-11, 2.4929e-11, 3.2022e-11, 4.0211e-11, 4.8468e-11, 5.5720e-11,
         6.1339e-11, 6.5075e-11, 6.6807e-11, 6.7177e-11, 6.6705e-11, 6.5881e-11,
         6.5194e-11, 6.5048e-11, 6.5712e-11, 6.7429e-11, 7.0608e-11, 7.5269e-11,
         8.1565e-11, 8.9667e-11]], dtype=torch.float64), 'xSO2': tensor([[1.2948e-02, 9.4686e-03, 6.6770e-03, 4.4041e-03, 2.6237e-03, 1.4047e-03,
         6.5488e-04, 2.5711e-04, 8.0937e-05, 2.4234e-05, 5.9669e-06, 1.1117e-06,
         1.3443e-07, 1.8346e-08, 2.1672e-09, 4.9500e-10, 3.8420e-10, 4.3569e-10,
         5.1294e-10, 5.8665e-10, 6.5297e-10, 7.4593e-10, 8.7822e-10, 1.0575e-09,
         1.2953e-09, 1.6093e-09, 2.0084e-09, 2.5129e-09, 3.1583e-09, 3.9935e-09,
         5.0486e-09, 6.3817e-09, 8.0989e-09, 1.0343e-08, 1.3231e-08, 1.6986e-08,
         2.2065e-08, 2.9123e-08, 3.8831e-08, 5.2267e-08, 7.1466e-08, 9.8557e-08,
         1.3547e-07, 1.8553e-07, 2.5592e-07, 3.5555e-07, 4.9470e-07, 6.9016e-07,
         9.7800e-07, 1.4014e-06, 2.0157e-06, 2.9133e-06, 4.3122e-06, 6.4923e-06,
         9.8316e-06, 1.4886e-05, 2.2587e-05, 3.3027e-05, 4.5482e-05, 5.8627e-05,
         7.0427e-05, 7.9457e-05, 8.5441e-05, 8.8678e-05, 8.9471e-05, 8.8608e-05,
         8.6474e-05, 8.3272e-05, 7.9031e-05, 7.4053e-05, 6.8566e-05, 6.2824e-05,
         5.7095e-05, 5.1640e-05, 4.6608e-05, 4.2106e-05, 3.8268e-05, 3.5020e-05,
         3.2332e-05, 3.0168e-05]], dtype=torch.float64), 'xH2SO4aer': tensor([[6.5704e-08, 7.4542e-08, 8.5391e-08, 9.6132e-08, 1.0729e-07, 1.2047e-07,
         1.3577e-07, 1.5441e-07, 1.8264e-07, 3.7826e-07, 1.0430e-06, 6.2398e-07,
         2.4989e-09, 1.1186e-12, 1.3924e-13, 8.3045e-14, 8.4365e-14, 8.0876e-14,
         5.6554e-14, 3.8617e-14, 2.6467e-14, 1.8524e-14, 1.3019e-14, 9.1871e-15,
         6.5455e-15, 4.7479e-15, 3.4619e-15, 2.5424e-15, 1.8979e-15, 1.4545e-15,
         1.1388e-15, 9.1737e-16, 7.6995e-16, 6.7935e-16, 6.2832e-16, 6.0891e-16,
         6.1617e-16, 6.4357e-16, 6.8349e-16, 7.3140e-16, 7.7646e-16, 8.0455e-16,
         8.1257e-16, 8.0427e-16, 7.8916e-16, 7.7957e-16, 7.8340e-16, 8.0563e-16,
         8.5215e-16, 9.2423e-16, 1.0188e-15, 1.1264e-15, 1.1967e-15, 1.0436e-15,
         5.1041e-16, 1.0957e-16, 1.8689e-17, 3.7127e-18, 8.5865e-19, 2.9170e-19,
         1.6952e-19, 1.1989e-19, 8.8418e-20, 6.4249e-20, 4.4938e-20, 2.9598e-20,
         1.8185e-20, 1.0375e-20, 5.7694e-21, 3.0866e-21, 1.5875e-21, 7.8836e-22,
         4.1016e-22, 2.1307e-22, 1.0931e-22, 5.4102e-23, 2.6505e-23, 1.0861e-23,
         2.6665e-24, 1.0000e-40]], dtype=torch.float64), 'xS8aer': tensor([[1.4556e-34, 3.1429e-34, 1.1221e-33, 2.2956e-30, 8.7234e-26, 4.4103e-22,
         2.0010e-21, 2.3815e-21, 2.1160e-21, 3.1595e-21, 7.0340e-21, 3.5916e-21,
         7.3897e-24, 2.5741e-31, 1.2469e-33, 6.9048e-36, 9.1014e-38, 4.0268e-38,
         3.6303e-38, 3.8533e-38, 4.2009e-38, 4.6533e-38, 5.2226e-38, 5.9279e-38,
         6.8074e-38, 7.9171e-38, 9.2858e-38, 1.0967e-37, 1.3053e-37, 1.5665e-37,
         1.8880e-37, 2.2824e-37, 2.7708e-37, 3.3783e-37, 4.1218e-37, 5.0279e-37,
         6.1297e-37, 7.4005e-37, 8.3766e-37, 7.2536e-37, 1.0000e-40, 1.0000e-40,
         1.0000e-40, 1.0000e-40, 1.0000e-40, 1.0000e-40, 1.0000e-40, 1.0000e-40,
         1.0000e-40, 1.0000e-40, 1.0000e-40, 1.0000e-40, 1.0000e-40, 1.0000e-40,
         1.0000e-40, 1.0000e-40, 1.0000e-40, 1.0000e-40, 1.0000e-40, 1.0000e-40,
         1.0000e-40, 1.0000e-40, 1.0000e-40, 1.0000e-40, 1.0000e-40, 1.0000e-40,
         1.0000e-40, 1.0000e-40, 1.0000e-40, 1.0000e-40, 1.0000e-40, 1.0000e-40,
         1.0000e-40, 1.0000e-40, 1.0000e-40, 1.0000e-40, 1.0000e-40, 1.0000e-40,
         1.0000e-40, 1.0000e-40]], dtype=torch.float64), 'pres': tensor([[5.0314e+04, 4.4047e+04, 3.8441e+04, 3.3429e+04, 2.8950e+04, 2.4947e+04,
         2.1373e+04, 1.8188e+04, 1.5361e+04, 1.2863e+04, 1.0668e+04, 8.7546e+03,
         7.0991e+03, 5.6791e+03, 4.4743e+03, 3.4991e+03, 2.7364e+03, 2.1399e+03,
         1.6733e+03, 1.3084e+03, 1.0231e+03, 7.9998e+02, 6.2553e+02, 4.8912e+02,
         3.8246e+02, 2.9906e+02, 2.3385e+02, 1.8286e+02, 1.4299e+02, 1.1182e+02,
         8.7440e+01, 6.8379e+01, 5.3474e+01, 4.1819e+01, 3.2705e+01, 2.5579e+01,
         2.0006e+01, 1.5648e+01, 1.2240e+01, 9.5753e+00, 7.4935e+00, 5.8658e+00,
         4.5927e+00, 3.5970e+00, 2.8182e+00, 2.2090e+00, 1.7326e+00, 1.3600e+00,
         1.0686e+00, 8.4079e-01, 6.6274e-01, 5.2365e-01, 4.1512e-01, 3.3057e-01,
         2.6476e-01, 2.1351e-01, 1.7331e-01, 1.4146e-01, 1.1601e-01, 9.5515e-02,
         7.8860e-02, 6.5227e-02, 5.4019e-02, 4.4777e-02, 3.7141e-02, 3.0823e-02,
         2.5591e-02, 2.1255e-02, 1.7659e-02, 1.4675e-02, 1.2199e-02, 1.0142e-02,
         8.4334e-03, 7.0137e-03, 5.8336e-03, 4.8526e-03, 4.0369e-03, 3.3585e-03,
         2.7943e-03, 2.3250e-03]], dtype=torch.float64)}"
151200,222.602,3.53042e-08,"{'alt': tensor([[  500.0000,  1753.1646,  3006.3291,  4259.4937,  5512.6582,  6765.8228,
          8018.9873,  9272.1519, 10525.3165, 11778.4810, 13031.6456, 14284.8101,
         15537.9747, 16791.1392, 18044.3038, 19297.4684, 20550.6329, 21803.7975,
         23056.9620, 24310.1266, 25563.2911, 26816.4557, 28069.6203, 29322.7848,
         30575.9494, 31829.1139, 33082.2785, 34335.4430, 35588.6076, 36841.7722,
         38094.9367, 39348.1013, 40601.2658, 41854.4304, 43107.5949, 44360.7595,
         45613.9241, 46867.0886, 48120.2532, 49373.4177, 50626.5823, 51879.7468,
         53132.9114, 54386.0759, 55639.2405, 56892.4051, 58145.5696, 59398.7342,
         60651.8987, 61905.0633, 63158.2278, 64411.3924, 65664.5570, 66917.7215,
         68170.8861, 69424.0506, 70677.2152, 71930.3797, 73183.5443, 74436.7089,
         75689.8734, 76943.0380, 78196.2025, 79449.3671, 80702.5316, 81955.6962,
         83208.8608, 84462.0253, 85715.1899, 86968.3544, 88221.5190, 89474.6835,
         90727.8481, 91981.0127, 93234.1772, 94487.3418, 95740.5063, 96993.6709,
         98246.8354, 99500.0000]], dtype=torch.float64), 'dz': tensor([1250., 1250., 1250., 1250., 1250., 1250., 1250., 1250., 1250., 1250.,
        1250., 1250., 1250., 1250., 1250., 1250., 1250., 1250., 1250., 1250.,
        1250., 1250., 1250., 1250., 1250., 1250., 1250., 1250., 1250., 1250.,
        1250., 1250., 1250., 1250., 1250., 1250., 1250., 1250., 1250., 1250.,
        1250., 1250., 1250., 1250., 1250., 1250., 1250., 1250., 1250., 1250.,
        1250., 1250., 1250., 1250., 1250., 1250., 1250., 1250., 1250., 1250.,
        1250., 1250., 1250., 1250., 1250., 1250., 1250., 1250., 1250., 1250.,
        1250., 1250., 1250., 1250., 1250., 1250., 1250., 1250., 1250., 1250.],
       dtype=torch.float64), 'temp': tensor([[188.8000, 184.9732, 180.7888, 176.1751, 171.0528, 165.3792, 159.1861,
         152.5757, 145.6926, 138.6722, 131.6057, 124.5153, 117.4492, 110.3278,
         103.2602, 100.0814, 100.0757, 100.0620, 100.0415, 100.0267, 100.0220,
         100.0216, 100.0223, 100.0239, 100.0263, 100.0295, 100.0334, 100.0380,
         100.0434, 100.0498, 100.0571, 100.0653, 100.0747, 100.0855, 100.0979,
         100.1124, 100.1295, 100.1503, 100.1769, 100.2319, 100.3860, 100.4884,
         100.5921, 100.7220, 100.8881, 101.1029, 101.3797, 101.7395, 102.2241,
         102.8793, 103.7594, 104.9550, 106.6508, 109.0170, 112.1437, 115.9339,
         119.7064, 122.9344, 125.6372, 127.7954, 129.3093, 130.2540, 130.9386,
         131.4502, 131.8556, 132.1936, 132.4813, 132.7385, 132.9557, 133.1501,
         133.3071, 133.4488, 133.5587, 133.6673, 133.7449, 133.8229, 133.8777,
         133.9337, 133.9750, 134.0109]], dtype=torch.float64), 'xCO2': tensor([[9.9364e-01, 8.5541e-01, 7.1793e-01, 5.6637e-01, 3.9558e-01, 2.4786e-01,
         1.4047e-01, 7.0869e-02, 3.1168e-02, 1.2984e-02, 4.7506e-03, 1.4565e-03,
         3.5502e-04, 8.6533e-05, 1.9737e-05, 7.7737e-06, 7.2491e-06, 8.9136e-06,
         1.1267e-05, 1.4300e-05, 1.8212e-05, 2.3344e-05, 2.9862e-05, 3.8122e-05,
         4.8717e-05, 6.2539e-05, 8.0091e-05, 1.0235e-04, 1.3099e-04, 1.6832e-04,
         2.1578e-04, 2.7603e-04, 3.5384e-04, 4.5530e-04, 5.8457e-04, 7.4913e-04,
         9.6307e-04, 1.2435e-03, 1.6066e-03, 2.0857e-03, 2.7296e-03, 3.5900e-03,
         4.7153e-03, 6.1890e-03, 8.1856e-03, 1.0906e-02, 1.4563e-02, 1.9498e-02,
         2.6425e-02, 3.6111e-02, 4.9431e-02, 6.7697e-02, 9.3468e-02, 1.2823e-01,
         1.7183e-01, 2.2251e-01, 2.7628e-01, 3.2785e-01, 3.7579e-01, 4.2125e-01,
         4.6556e-01, 5.0993e-01, 5.5502e-01, 6.0082e-01, 6.4664e-01, 6.9159e-01,
         7.3466e-01, 7.7490e-01, 8.1068e-01, 8.4190e-01, 8.6850e-01, 8.9084e-01,
         9.0885e-01, 9.2409e-01, 9.3726e-01, 9.4920e-01, 9.6022e-01, 9.7103e-01,
         9.8182e-01, 9.9273e-01]], dtype=torch.float64), 'xH2O': tensor([[5.5887e-07, 3.1995e-07, 1.7041e-07, 8.1622e-08, 3.3138e-08, 1.2170e-08,
         3.6909e-09, 8.7263e-10, 1.4005e-10, 8.5939e-12, 5.3906e-13, 4.4466e-13,
         3.5941e-13, 2.5878e-13, 1.3714e-13, 1.1409e-13, 8.7388e-14, 1.2716e-14,
         3.6097e-15, 2.3841e-15, 1.8976e-15, 1.6611e-15, 1.5240e-15, 1.4434e-15,
         1.3969e-15, 1.3707e-15, 1.3560e-15, 1.3511e-15, 1.3580e-15, 1.3811e-15,
         1.4230e-15, 1.4877e-15, 1.5833e-15, 1.7214e-15, 1.9135e-15, 2.1834e-15,
         2.5794e-15, 3.1696e-15, 4.0224e-15, 5.2645e-15, 7.1988e-15, 9.7448e-15,
         1.3015e-14, 1.7227e-14, 2.2942e-14, 3.0982e-14, 4.2459e-14, 5.9545e-14,
         8.9159e-14, 1.4543e-13, 2.5959e-13, 5.2650e-13, 1.5250e-12, 4.3133e-12,
         7.6830e-12, 1.0565e-11, 1.2733e-11, 1.4281e-11, 1.5729e-11, 1.7767e-11,
         2.1207e-11, 2.6273e-11, 3.2764e-11, 4.0158e-11, 4.7593e-11, 5.4179e-11,
         5.9386e-11, 6.2990e-11, 6.4859e-11, 6.5532e-11, 6.5457e-11, 6.5073e-11,
         6.4830e-11, 6.5109e-11, 6.6170e-11, 6.8250e-11, 7.1753e-11, 7.6704e-11,
         8.3258e-11, 9.1587e-11]], dtype=torch.float64), 'xSO2': tensor([[1.2962e-02, 9.5167e-03, 6.7146e-03, 4.4271e-03, 2.6368e-03, 1.4123e-03,
         6.5919e-04, 2.5925e-04, 8.1832e-05, 2.4564e-05, 6.0730e-06, 1.1351e-06,
         1.3837e-07, 1.8753e-08, 2.2016e-09, 4.9834e-10, 3.8722e-10, 4.4010e-10,
         5.1919e-10, 6.0079e-10, 6.6548e-10, 7.4603e-10, 8.6155e-10, 1.0209e-09,
         1.2350e-09, 1.5195e-09, 1.8819e-09, 2.3402e-09, 2.9261e-09, 3.6838e-09,
         4.6408e-09, 5.8504e-09, 7.4113e-09, 9.4601e-09, 1.2115e-08, 1.5599e-08,
         2.0367e-08, 2.7072e-08, 3.6380e-08, 4.9359e-08, 6.8035e-08, 9.4596e-08,
         1.3106e-07, 1.8085e-07, 2.5125e-07, 3.5130e-07, 4.9142e-07, 6.8870e-07,
         9.7979e-07, 1.4089e-06, 2.0326e-06, 2.9453e-06, 4.3676e-06, 6.5773e-06,
         9.9360e-06, 1.4955e-05, 2.2444e-05, 3.2362e-05, 4.3967e-05, 5.6081e-05,
         6.6957e-05, 7.5378e-05, 8.1040e-05, 8.4114e-05, 8.4779e-05, 8.3753e-05,
         8.1421e-05, 7.8017e-05, 7.3617e-05, 6.8557e-05, 6.3082e-05, 5.7445e-05,
         5.1912e-05, 4.6704e-05, 4.1944e-05, 3.7719e-05, 3.4148e-05, 3.1147e-05,
         2.8687e-05, 2.6734e-05]], dtype=torch.float64), 'xH2SO4aer': tensor([[6.5705e-08, 7.4543e-08, 8.5394e-08, 9.6137e-08, 1.0730e-07, 1.2051e-07,
         1.3586e-07, 1.5471e-07, 1.8433e-07, 4.0387e-07, 1.0618e-06, 5.6167e-07,
         1.2984e-09, 1.2329e-12, 1.5196e-13, 8.9675e-14, 9.1240e-14, 9.1272e-14,
         6.5529e-14, 4.4949e-14, 3.0873e-14, 2.1616e-14, 1.5178e-14, 1.0685e-14,
         7.5797e-15, 5.4643e-15, 3.9514e-15, 2.8716e-15, 2.1178e-15, 1.6026e-15,
         1.2381e-15, 9.8385e-16, 8.1456e-16, 7.0886e-16, 6.4607e-16, 6.1648e-16,
         6.1387e-16, 6.3072e-16, 6.5928e-16, 6.9525e-16, 7.2888e-16, 7.4915e-16,
         7.5399e-16, 7.4646e-16, 7.3437e-16, 7.2821e-16, 7.3516e-16, 7.6014e-16,
         8.0927e-16, 8.8368e-16, 9.7889e-16, 1.0803e-15, 1.1140e-15, 8.4413e-16,
         3.2224e-16, 5.7678e-17, 9.2817e-18, 1.9625e-18, 5.2966e-19, 2.1576e-19,
         1.3617e-19, 9.9116e-20, 7.3884e-20, 5.3900e-20, 3.7790e-20, 2.5013e-20,
         1.5505e-20, 8.9694e-21, 5.0699e-21, 2.7640e-21, 1.4523e-21, 7.3861e-22,
         3.9196e-22, 2.0738e-22, 1.0808e-22, 5.4110e-23, 2.6559e-23, 1.0753e-23,
         2.4821e-24, 1.0000e-40]], dtype=torch.float64), 'xS8aer': tensor([[1.4557e-34, 3.1435e-34, 1.3588e-33, 3.3697e-30, 9.9125e-26, 4.4193e-22,
         2.0274e-21, 2.4523e-21, 2.1444e-21, 3.3452e-21, 7.1091e-21, 3.2061e-21,
         3.4991e-24, 2.6326e-31, 1.3165e-33, 7.1568e-36, 9.3008e-38, 4.1878e-38,
         3.8167e-38, 4.0739e-38, 4.4595e-38, 4.9553e-38, 5.5757e-38, 6.3431e-38,
         7.3010e-38, 8.5126e-38, 1.0010e-37, 1.1855e-37, 1.4149e-37, 1.7034e-37,
         2.0596e-37, 2.4985e-37, 3.0452e-37, 3.7305e-37, 4.5757e-37, 5.6139e-37,
         6.8864e-37, 8.3700e-37, 9.5972e-37, 8.6824e-37, 9.6164e-38, 1.3738e-38,
         1.0000e-40, 1.0000e-40, 1.0000e-40, 1.0000e-40, 1.0000e-40, 1.0000e-40,
         1.0000e-40, 1.0000e-40, 1.0000e-40, 1.0000e-40, 1.0000e-40, 1.0000e-40,
         1.0000e-40, 1.0000e-40, 1.0000e-40, 1.0000e-40, 1.0000e-40, 1.0000e-40,
         1.0000e-40, 1.0000e-40, 1.0000e-40, 1.0000e-40, 1.0000e-40, 1.0000e-40,
         1.0000e-40, 1.0000e-40, 1.0000e-40, 1.0000e-40, 1.0000e-40, 1.0000e-40,
         1.0000e-40, 1.0000e-40, 1.0000e-40, 1.0000e-40, 1.0000e-40, 1.0000e-40,
         1.0000e-40, 1.0000e-40]], dtype=torch.float64), 'pres': tensor([[5.0315e+04, 4.4048e+04, 3.8443e+04, 3.3432e+04, 2.8953e+04, 2.4951e+04,
         2.1377e+04, 1.8194e+04, 1.5367e+04, 1.2868e+04, 1.0674e+04, 8.7601e+03,
         7.1044e+03, 5.6842e+03, 4.4791e+03, 3.5028e+03, 2.7393e+03, 2.1422e+03,
         1.6751e+03, 1.3098e+03, 1.0242e+03, 8.0084e+02, 6.2620e+02, 4.8965e+02,
         3.8287e+02, 2.9938e+02, 2.3410e+02, 1.8306e+02, 1.4315e+02, 1.1194e+02,
         8.7535e+01, 6.8453e+01, 5.3533e+01, 4.1865e+01, 3.2742e+01, 2.5607e+01,
         2.0028e+01, 1.5666e+01, 1.2254e+01, 9.5867e+00, 7.5028e+00, 5.8734e+00,
         4.5990e+00, 3.6022e+00, 2.8226e+00, 2.2129e+00, 1.7360e+00, 1.3631e+00,
         1.0715e+00, 8.4359e-01, 6.6550e-01, 5.2642e-01, 4.1797e-01, 3.3352e-01,
         2.6782e-01, 2.1661e-01, 1.7636e-01, 1.4437e-01, 1.1869e-01, 9.7907e-02,
         8.0943e-02, 6.7010e-02, 5.5531e-02, 4.6051e-02, 3.8212e-02, 3.1723e-02,
         2.6346e-02, 2.1888e-02, 1.8190e-02, 1.5121e-02, 1.2573e-02, 1.0456e-02,
         8.6965e-03, 7.2344e-03, 6.0188e-03, 5.0079e-03, 4.1672e-03, 3.4678e-03,
         2.8860e-03, 2.4019e-03]], dtype=torch.float64)}"
172800,222.237,3.46778e-08,"{'alt': tensor([[  500.0000,  1753.1646,  3006.3291,  4259.4937,  5512.6582,  6765.8228,
          8018.9873,  9272.1519, 10525.3165, 11778.4810, 13031.6456, 14284.8101,
         15537.9747, 16791.1392, 18044.3038, 19297.4684, 20550.6329, 21803.7975,
         23056.9620, 24310.1266, 25563.2911, 26816.4557, 28069.6203, 29322.7848,
         30575.9494, 31829.1139, 33082.2785, 34335.4430, 35588.6076, 36841.7722,
         38094.9367, 39348.1013, 40601.2658, 41854.4304, 43107.5949, 44360.7595,
         45613.9241, 46867.0886, 48120.2532, 49373.4177, 50626.5823, 51879.7468,
         53132.9114, 54386.0759, 55639.2405, 56892.4051, 58145.5696, 59398.7342,
         60651.8987, 61905.0633, 63158.2278, 64411.3924, 65664.5570, 66917.7215,
         68170.8861, 69424.0506, 70677.2152, 71930.3797, 73183.5443, 74436.7089,
         75689.8734, 76943.0380, 78196.2025, 79449.3671, 80702.5316, 81955.6962,
         83208.8608, 84462.0253, 85715.1899, 86968.3544, 88221.5190, 89474.6835,
         90727.8481, 91981.0127, 93234.1772, 94487.3418, 95740.5063, 96993.6709,
         98246.8354, 99500.0000]], dtype=torch.float64), 'dz': tensor([1250., 1250., 1250., 1250., 1250., 1250., 1250., 1250., 1250., 1250.,
        1250., 1250., 1250., 1250., 1250., 1250., 1250., 1250., 1250., 1250.,
        1250., 1250., 1250., 1250., 1250., 1250., 1250., 1250., 1250., 1250.,
        1250., 1250., 1250., 1250., 1250., 1250., 1250., 1250., 1250., 1250.,
        1250., 1250., 1250., 1250., 1250., 1250., 1250., 1250., 1250., 1250.,
        1250., 1250., 1250., 1250., 1250., 1250., 1250., 1250., 1250., 1250.,
        1250., 1250., 1250., 1250., 1250., 1250., 1250., 1250., 1250., 1250.,
        1250., 1250., 1250., 1250., 1250., 1250., 1250., 1250., 1250., 1250.],
       dtype=torch.float64), 'temp': tensor([[188.8236, 185.0000, 180.8204, 176.2126, 171.0967, 165.4291, 159.2413,
         152.6348, 145.7534, 138.7344, 131.6642, 124.5791, 117.4949, 110.4179,
         103.3503, 100.0824, 100.0757, 100.0620, 100.0416, 100.0268, 100.0221,
         100.0217, 100.0225, 100.0241, 100.0266, 100.0298, 100.0338, 100.0385,
         100.0441, 100.0507, 100.0582, 100.0668, 100.0766, 100.0879, 100.1011,
         100.1165, 100.1350, 100.1574, 100.1862, 100.2442, 100.4023, 100.5103,
         100.6214, 100.7611, 100.9410, 101.1749, 101.4779, 101.8741, 102.4110,
         103.1409, 104.1263, 105.4678, 107.3672, 109.9934, 113.3974, 117.4030,
         121.2499, 124.3778, 126.8318, 128.6654, 129.8871, 130.6454, 131.2248,
         131.6783, 132.0554, 132.3806, 132.6613, 132.9123, 133.1233, 133.3128,
         133.4671, 133.6045, 133.7140, 133.8208, 133.8973, 133.9746, 134.0291,
         134.0841, 134.1253, 134.1606]], dtype=torch.float64), 'xCO2': tensor([[9.9364e-01, 8.5742e-01, 7.1825e-01, 5.6635e-01, 3.9727e-01, 2.4937e-01,
         1.4161e-01, 7.1545e-02, 3.1480e-02, 1.3119e-02, 4.8017e-03, 1.4747e-03,
         3.6035e-04, 8.8045e-05, 2.0054e-05, 7.8064e-06, 7.2442e-06, 8.9044e-06,
         1.1255e-05, 1.4285e-05, 1.8193e-05, 2.3321e-05, 2.9833e-05, 3.8085e-05,
         4.8670e-05, 6.2480e-05, 8.0018e-05, 1.0226e-04, 1.3088e-04, 1.6819e-04,
         2.1563e-04, 2.7587e-04, 3.5369e-04, 4.5519e-04, 5.8456e-04, 7.4935e-04,
         9.6374e-04, 1.2451e-03, 1.6097e-03, 2.0901e-03, 2.7350e-03, 3.5970e-03,
         4.7260e-03, 6.2066e-03, 8.2148e-03, 1.0951e-02, 1.4631e-02, 1.9595e-02,
         2.6563e-02, 3.6305e-02, 4.9691e-02, 6.7984e-02, 9.3595e-02, 1.2780e-01,
         1.7034e-01, 2.1971e-01, 2.7253e-01, 3.2401e-01, 3.7253e-01, 4.1873e-01,
         4.6351e-01, 5.0805e-01, 5.5305e-01, 5.9854e-01, 6.4389e-01, 6.8826e-01,
         7.3069e-01, 7.7032e-01, 8.0563e-01, 8.3661e-01, 8.6324e-01, 8.8589e-01,
         9.0448e-01, 9.2043e-01, 9.3437e-01, 9.4703e-01, 9.5867e-01, 9.6994e-01,
         9.8104e-01, 9.9209e-01]], dtype=torch.float64), 'xH2O': tensor([[5.6041e-07, 3.2151e-07, 1.7151e-07, 8.2253e-08, 3.3439e-08, 1.2298e-08,
         3.7361e-09, 8.8526e-10, 1.4305e-10, 9.9342e-12, 5.8358e-13, 4.4968e-13,
         3.6691e-13, 2.7409e-13, 1.4877e-13, 1.2510e-13, 1.0167e-13, 2.9187e-14,
         4.2446e-15, 2.6900e-15, 2.1272e-15, 1.8594e-15, 1.7037e-15, 1.6111e-15,
         1.5565e-15, 1.5251e-15, 1.5062e-15, 1.4975e-15, 1.5004e-15, 1.5197e-15,
         1.5585e-15, 1.6219e-15, 1.7189e-15, 1.8625e-15, 2.0648e-15, 2.3500e-15,
         2.7671e-15, 3.3827e-15, 4.2630e-15, 5.5332e-15, 7.5030e-15, 1.0093e-14,
         1.3438e-14, 1.7783e-14, 2.3747e-14, 3.2248e-14, 4.4549e-14, 6.3178e-14,
         9.6491e-14, 1.6267e-13, 3.0498e-13, 6.6408e-13, 2.1010e-12, 5.4977e-12,
         8.8250e-12, 1.1812e-11, 1.4098e-11, 1.5787e-11, 1.7370e-11, 1.9475e-11,
         2.2806e-11, 2.7543e-11, 3.3492e-11, 4.0194e-11, 4.6914e-11, 5.2905e-11,
         5.7718e-11, 6.1156e-11, 6.3093e-11, 6.3987e-11, 6.4232e-11, 6.4215e-11,
         6.4356e-11, 6.5007e-11, 6.6417e-11, 6.8815e-11, 7.2599e-11, 7.7798e-11,
         8.4568e-11, 9.3080e-11]], dtype=torch.float64), 'xSO2': tensor([[1.2984e-02, 9.5471e-03, 6.7425e-03, 4.4489e-03, 2.6521e-03, 1.4220e-03,
         6.6462e-04, 2.6182e-04, 8.2798e-05, 2.4893e-05, 6.1608e-06, 1.1545e-06,
         1.4129e-07, 1.9213e-08, 2.2524e-09, 5.0185e-10, 3.8864e-10, 4.4312e-10,
         5.2457e-10, 6.1628e-10, 6.8378e-10, 7.5594e-10, 8.5786e-10, 1.0003e-09,
         1.1939e-09, 1.4533e-09, 1.7847e-09, 2.2040e-09, 2.7401e-09, 3.4332e-09,
         4.3087e-09, 5.4166e-09, 6.8507e-09, 8.7443e-09, 1.1218e-08, 1.4499e-08,
         1.9043e-08, 2.5509e-08, 3.4564e-08, 4.7282e-08, 6.5702e-08, 9.2078e-08,
         1.2853e-07, 1.7859e-07, 2.4972e-07, 3.5114e-07, 4.9351e-07, 6.9423e-07,
         9.9082e-07, 1.4287e-06, 2.0662e-06, 2.9999e-06, 4.4538e-06, 6.7037e-06,
         1.0097e-05, 1.5109e-05, 2.2459e-05, 3.2030e-05, 4.3093e-05, 5.4573e-05,
         6.4898e-05, 7.2967e-05, 7.8452e-05, 8.1436e-05, 8.2006e-05, 8.0831e-05,
         7.8298e-05, 7.4669e-05, 7.0060e-05, 6.4844e-05, 5.9285e-05, 5.3638e-05,
         4.8172e-05, 4.3077e-05, 3.8462e-05, 3.4396e-05, 3.0990e-05, 2.8152e-05,
         2.5850e-05, 2.4053e-05]], dtype=torch.float64), 'xH2SO4aer': tensor([[6.5706e-08, 7.4544e-08, 8.5396e-08, 9.6142e-08, 1.0731e-07, 1.2054e-07,
         1.3595e-07, 1.5500e-07, 1.8612e-07, 4.2922e-07, 1.0737e-06, 5.0786e-07,
         6.9066e-10, 1.2958e-12, 1.5501e-13, 8.9960e-14, 9.1477e-14, 9.5899e-14,
         7.4724e-14, 5.1534e-14, 3.5493e-14, 2.4875e-14, 1.7461e-14, 1.2269e-14,
         8.6736e-15, 6.2203e-15, 4.4656e-15, 3.2147e-15, 2.3442e-15, 1.7527e-15,
         1.3369e-15, 1.0485e-15, 8.5694e-16, 7.3603e-16, 6.6153e-16, 6.2190e-16,
         6.0970e-16, 6.1668e-16, 6.3497e-16, 6.6031e-16, 6.8426e-16, 6.9789e-16,
         6.9989e-16, 6.9288e-16, 6.8342e-16, 6.8049e-16, 6.9054e-16, 7.1843e-16,
         7.7054e-16, 8.4808e-16, 9.4537e-16, 1.0428e-15, 1.0427e-15, 6.8644e-16,
         2.0160e-16, 3.1604e-17, 5.0754e-18, 1.1899e-18, 3.7912e-19, 1.7848e-19,
         1.1828e-19, 8.6815e-20, 6.4457e-20, 4.6685e-20, 3.2574e-20, 2.1554e-20,
         1.3423e-20, 7.8423e-21, 4.4906e-21, 2.4864e-21, 1.3302e-21, 6.9028e-22,
         3.7258e-22, 2.0023e-22, 1.0575e-22, 5.3435e-23, 2.6240e-23, 1.0479e-23,
         2.2546e-24, 1.0000e-40]], dtype=torch.float64), 'xS8aer': tensor([[1.4558e-34, 3.1441e-34, 1.6971e-33, 4.7161e-30, 1.1112e-25, 4.4284e-22,
         2.0514e-21, 2.5227e-21, 2.1739e-21, 3.5272e-21, 7.1406e-21, 2.8776e-21,
         1.6769e-24, 2.7834e-31, 1.3946e-33, 7.5032e-36, 9.5370e-38, 4.3530e-38,
         4.0170e-38, 4.3297e-38, 4.7877e-38, 5.3761e-38, 6.1110e-38, 7.0209e-38,
         8.1611e-38, 9.6152e-38, 1.1431e-37, 1.3693e-37, 1.6544e-37, 2.0176e-37,
         2.4709e-37, 3.0351e-37, 3.7458e-37, 4.6473e-37, 5.7705e-37, 7.1637e-37,
         8.8923e-37, 1.0955e-36, 1.2884e-36, 1.2720e-36, 5.1403e-37, 2.1473e-37,
         5.2815e-39, 1.0000e-40, 1.0000e-40, 1.0000e-40, 1.0000e-40, 1.0000e-40,
         1.0000e-40, 1.0000e-40, 1.0000e-40, 1.0000e-40, 1.0000e-40, 1.0000e-40,
         1.0000e-40, 1.0000e-40, 1.0000e-40, 1.0000e-40, 1.0000e-40, 1.0000e-40,
         1.0000e-40, 1.0000e-40, 1.0000e-40, 1.0000e-40, 1.0000e-40, 1.0000e-40,
         1.0000e-40, 1.0000e-40, 1.0000e-40, 1.0000e-40, 1.0000e-40, 1.0000e-40,
         1.0000e-40, 1.0000e-40, 1.0000e-40, 1.0000e-40, 1.0000e-40, 1.0000e-40,
         1.0000e-40, 1.0000e-40]], dtype=torch.float64), 'pres': tensor([[5.0315e+04, 4.4049e+04, 3.8445e+04, 3.3435e+04, 2.8957e+04, 2.4955e+04,
         2.1382e+04, 1.8199e+04, 1.5372e+04, 1.2874e+04, 1.0679e+04, 8.7654e+03,
         7.1093e+03, 5.6892e+03, 4.4839e+03, 3.5066e+03, 2.7423e+03, 2.1445e+03,
         1.6769e+03, 1.3112e+03, 1.0253e+03, 8.0171e+02, 6.2688e+02, 4.9018e+02,
         3.8329e+02, 2.9971e+02, 2.3436e+02, 1.8326e+02, 1.4330e+02, 1.1206e+02,
         8.7631e+01, 6.8529e+01, 5.3592e+01, 4.1912e+01, 3.2778e+01, 2.5636e+01,
         2.0051e+01, 1.5684e+01, 1.2269e+01, 9.5984e+00, 7.5122e+00, 5.8811e+00,
         4.6053e+00, 3.6075e+00, 2.8272e+00, 2.2168e+00, 1.7395e+00, 1.3663e+00,
         1.0745e+00, 8.4644e-01, 6.6831e-01, 5.2925e-01, 4.2086e-01, 3.3650e-01,
         2.7087e-01, 2.1965e-01, 1.7931e-01, 1.4713e-01, 1.2118e-01, 1.0009e-01,
         8.2818e-02, 6.8602e-02, 5.6873e-02, 4.7180e-02, 3.9159e-02, 3.2517e-02,
         2.7013e-02, 2.2448e-02, 1.8660e-02, 1.5515e-02, 1.2903e-02, 1.0733e-02,
         8.9288e-03, 7.4292e-03, 6.1821e-03, 5.1449e-03, 4.2820e-03, 3.5642e-03,
         2.9668e-03, 2.4697e-03]], dtype=torch.float64)}"
