tot_time [s],surface_temp [K],precip_rate [m/s],"atm(pres [Pa], temp [K], xfrac [mol/mol])"
0,204.814,0,"{'pres': tensor([[6.0000e+04, 4.9244e+04, 4.0416e+04, 3.3171e+04, 2.7224e+04, 2.2344e+04,
         1.8338e+04, 1.5051e+04, 1.2353e+04, 1.0138e+04, 8.3207e+03, 6.8290e+03,
         5.6048e+03, 4.6000e+03, 3.7754e+03, 3.0986e+03, 2.5431e+03, 2.0872e+03,
         1.7130e+03, 1.4059e+03, 1.1539e+03, 9.4703e+02, 7.7726e+02, 6.3792e+02,
         5.2356e+02, 4.2970e+02, 3.5267e+02, 2.8945e+02, 2.3756e+02, 1.9497e+02,
         1.6002e+02, 1.3133e+02, 1.0779e+02, 8.8465e+01, 7.2606e+01, 5.9590e+01,
         4.8907e+01, 4.0140e+01, 3.2944e+01, 2.7038e+01, 2.2191e+01, 1.8213e+01,
         1.4948e+01, 1.2268e+01, 1.0069e+01, 8.2638e+00, 6.7823e+00, 5.5665e+00,
         4.5686e+00, 3.7496e+00, 3.0774e+00, 2.5257e+00, 2.0729e+00, 1.7013e+00,
         1.3963e+00, 1.1460e+00, 9.4056e-01, 7.7195e-01, 6.3356e-01, 5.1998e-01,
         4.2676e-01, 3.5026e-01, 2.8747e-01, 2.3593e-01, 1.9364e-01, 1.5892e-01,
         1.3043e-01, 1.0705e-01, 8.7860e-02, 7.2110e-02, 5.9183e-02, 4.8573e-02,
         3.9865e-02, 3.2719e-02, 2.6853e-02, 2.2039e-02, 1.8088e-02, 1.4846e-02,
         1.2184e-02, 1.0000e-02]], dtype=torch.float64), 'temp': tensor([[199.9827, 198.7052, 197.4342, 196.1730, 194.9194, 193.6380, 192.3640,
         191.0979, 189.8345, 188.5411, 187.2524, 185.9655, 184.6717, 183.3489,
         182.0405, 180.7625, 179.5186, 178.2781, 177.0695, 175.8599, 174.6203,
         173.3490, 172.0849, 170.8292, 169.5703, 168.2932, 167.0263, 165.7693,
         164.5081, 163.2316, 161.9659, 160.7109, 159.4503, 158.1772, 156.9155,
         155.6649, 154.4078, 153.1415, 151.8890, 150.6532, 149.4233, 148.1619,
         146.9126, 145.6798, 144.4411, 143.2018, 141.9790, 140.7733, 139.5632,
         138.3586, 137.1737, 136.0097, 134.8451, 133.6925, 132.5647, 131.4614,
         130.3613, 129.2795, 128.2239, 127.1966, 126.1717, 125.1653, 124.1804,
         123.2159, 122.2435, 121.2738, 120.3062, 119.3374, 118.3267, 117.2963,
         116.2348, 115.1394, 113.9545, 112.7137, 111.4042, 110.0343, 108.5589,
         107.0479, 105.5247, 104.0281]], dtype=torch.float64), 'xCO2': tensor([[0.8333, 0.7572, 0.7970, 0.8391, 0.8704, 0.8929, 0.9104, 0.9227, 0.9284,
         0.9231, 0.9080, 0.8829, 0.8461, 0.7914, 0.7238, 0.6432, 0.5474, 0.4313,
         0.3197, 0.2256, 0.1523, 0.0989, 0.0625, 0.0413, 0.0318, 0.0285, 0.0276,
         0.0278, 0.0287, 0.0301, 0.0319, 0.0339, 0.0360, 0.0382, 0.0406, 0.0431,
         0.0458, 0.0487, 0.0518, 0.0553, 0.0590, 0.0632, 0.0679, 0.0733, 0.0825,
         0.1109, 0.1712, 0.2192, 0.2452, 0.2703, 0.2976, 0.3273, 0.3607, 0.3974,
         0.4374, 0.4808, 0.5289, 0.5815, 0.6380, 0.6983, 0.7641, 0.8342, 0.9075,
         0.9831, 1.0618, 1.1410, 1.2183, 1.2914, 1.3578, 1.4136, 1.4553, 1.4796,
         1.4785, 1.4521, 1.4002, 1.3239, 1.2181, 1.0979, 0.9752, 0.8753]],
       dtype=torch.float64), 'xH2O': tensor([[2.6955e-06, 2.8138e-06, 2.6730e-06, 2.2067e-06, 1.7117e-06, 1.3192e-06,
         1.0107e-06, 7.6367e-07, 5.6802e-07, 4.1401e-07, 2.9452e-07, 2.0445e-07,
         1.3725e-07, 8.9384e-08, 5.5375e-08, 3.2587e-08, 1.7950e-08, 9.4040e-09,
         4.5415e-09, 2.0095e-09, 8.1807e-10, 3.2130e-10, 1.0981e-10, 2.8187e-11,
         5.7930e-12, 1.9859e-12, 1.5191e-12, 1.7669e-12, 1.9787e-12, 1.9623e-12,
         1.7900e-12, 1.5566e-12, 1.3659e-12, 1.3102e-12, 1.3896e-12, 1.5936e-12,
         1.9631e-12, 2.5246e-12, 3.2775e-12, 4.2565e-12, 5.5678e-12, 7.3131e-12,
         9.5354e-12, 1.2348e-11, 1.6809e-11, 2.9398e-11, 6.5055e-11, 1.0412e-10,
         1.3010e-10, 1.5605e-10, 1.8437e-10, 2.1509e-10, 2.4873e-10, 2.8435e-10,
         3.2090e-10, 3.5737e-10, 3.9276e-10, 4.2489e-10, 4.5207e-10, 4.7307e-10,
         4.8602e-10, 4.9070e-10, 4.8698e-10, 4.7421e-10, 4.5206e-10, 4.2336e-10,
         3.8976e-10, 3.5287e-10, 3.1242e-10, 2.7224e-10, 2.3376e-10, 1.9765e-10,
         1.6446e-10, 1.3551e-10, 1.1092e-10, 8.9622e-11, 6.8837e-11, 4.8746e-11,
         2.9278e-11, 1.5240e-11]], dtype=torch.float64), 'xSO2': tensor([[3.1065e-02, 3.3758e-02, 3.3689e-02, 3.1172e-02, 2.8533e-02, 2.5897e-02,
         2.3367e-02, 2.0867e-02, 1.8415e-02, 1.5928e-02, 1.3537e-02, 1.1307e-02,
         9.2199e-03, 7.2914e-03, 5.5700e-03, 4.1104e-03, 2.8967e-03, 1.9426e-03,
         1.2308e-03, 7.3623e-04, 4.1571e-04, 2.2425e-04, 1.1479e-04, 6.0325e-05,
         3.8460e-05, 3.0614e-05, 2.7131e-05, 2.5518e-05, 2.4816e-05, 2.4648e-05,
         2.4856e-05, 2.5368e-05, 2.6149e-05, 2.7199e-05, 2.8496e-05, 2.9966e-05,
         3.1542e-05, 3.3210e-05, 3.4957e-05, 3.6790e-05, 3.8744e-05, 4.0827e-05,
         4.3047e-05, 4.5535e-05, 5.0053e-05, 6.5374e-05, 9.8144e-05, 1.2291e-04,
         1.3574e-04, 1.4826e-04, 1.6171e-04, 1.7611e-04, 1.9183e-04, 2.0874e-04,
         2.2671e-04, 2.4571e-04, 2.6616e-04, 2.8776e-04, 3.1027e-04, 3.3348e-04,
         3.5770e-04, 3.8236e-04, 4.0682e-04, 4.3036e-04, 4.5251e-04, 4.7230e-04,
         4.8855e-04, 5.0006e-04, 5.0461e-04, 5.0167e-04, 4.9048e-04, 4.7056e-04,
         4.3957e-04, 3.9999e-04, 3.5293e-04, 2.9953e-04, 2.3900e-04, 1.7908e-04,
         1.2656e-04, 9.0475e-05]], dtype=torch.float64), 'xH2SO4aer': tensor([[6.8253e-08, 7.4486e-08, 8.6563e-08, 9.9420e-08, 1.1315e-07, 1.2899e-07,
         1.4716e-07, 1.6771e-07, 1.9111e-07, 2.1878e-07, 2.5006e-07, 2.8564e-07,
         3.2639e-07, 3.7703e-07, 4.3894e-07, 5.2087e-07, 6.4451e-07, 8.9642e-07,
         1.3150e-06, 1.7722e-06, 1.7614e-06, 9.1234e-07, 1.8606e-07, 1.5524e-08,
         1.7180e-09, 8.4699e-10, 6.9473e-10, 6.6399e-10, 6.6457e-10, 6.8023e-10,
         7.0474e-10, 7.3389e-10, 7.6435e-10, 7.9459e-10, 8.2349e-10, 8.5084e-10,
         8.7616e-10, 8.9770e-10, 9.1364e-10, 9.2184e-10, 9.1859e-10, 9.0064e-10,
         8.6776e-10, 8.2280e-10, 8.0153e-10, 9.4723e-10, 1.3003e-09, 1.3844e-09,
         1.2267e-09, 1.0449e-09, 8.6492e-10, 6.9436e-10, 5.3812e-10, 4.0265e-10,
         2.9046e-10, 2.0116e-10, 1.3375e-10, 8.5130e-11, 5.1476e-11, 2.9286e-11,
         1.5875e-11, 8.0746e-12, 3.7640e-12, 1.5665e-12, 6.1933e-13, 2.3100e-13,
         8.5786e-14, 3.7313e-14, 2.1976e-14, 1.4267e-14, 9.2457e-15, 5.8403e-15,
         3.6173e-15, 2.1733e-15, 1.2549e-15, 6.6829e-16, 3.2220e-16, 1.3187e-16,
         4.0448e-17, 7.2597e-18]], dtype=torch.float64), 'xS8aer': tensor([[1.5122e-34, 3.2339e-34, 6.7402e-34, 1.4181e-33, 2.9980e-33, 7.0696e-33,
         1.6241e-32, 3.6531e-32, 8.2298e-32, 2.1336e-31, 6.5667e-31, 3.2214e-30,
         4.9558e-29, 2.8705e-27, 8.4249e-26, 1.8697e-24, 4.7216e-23, 1.0117e-21,
         6.4917e-21, 1.6991e-20, 2.0612e-20, 1.0486e-20, 1.8579e-21, 9.9632e-23,
         2.3121e-24, 2.6731e-25, 5.9648e-26, 2.1037e-26, 1.0102e-26, 5.6893e-27,
         3.3562e-27, 2.0498e-27, 1.3075e-27, 8.6086e-28, 5.7490e-28, 3.9442e-28,
         2.7587e-28, 1.9314e-28, 1.3698e-28, 1.0031e-28, 7.9848e-29, 7.4500e-29,
         7.6940e-29, 7.9541e-29, 7.9986e-29, 8.5570e-29, 8.7801e-29, 5.1939e-29,
         2.6170e-29, 1.6792e-29, 1.1559e-29, 7.8788e-30, 4.9909e-30, 2.7031e-30,
         1.1268e-30, 2.9082e-31, 3.5063e-32, 5.6524e-34, 1.8969e-40, 1.7632e-40,
         1.6185e-40, 1.4606e-40, 1.2777e-40, 1.0504e-40, 1.0000e-40, 1.0000e-40,
         1.0000e-40, 1.0000e-40, 1.0000e-40, 1.0000e-40, 1.0000e-40, 1.0000e-40,
         1.0000e-40, 1.0000e-40, 1.0000e-40, 1.0000e-40, 1.0000e-40, 1.0000e-40,
         1.0000e-40, 1.0000e-40]], dtype=torch.float64)}"
21600,208.473,0,"{'pres': tensor([[6.0000e+04, 4.9244e+04, 4.0416e+04, 3.3171e+04, 2.7224e+04, 2.2344e+04,
         1.8338e+04, 1.5051e+04, 1.2353e+04, 1.0138e+04, 8.3207e+03, 6.8290e+03,
         5.6048e+03, 4.6000e+03, 3.7754e+03, 3.0986e+03, 2.5431e+03, 2.0872e+03,
         1.7130e+03, 1.4059e+03, 1.1539e+03, 9.4703e+02, 7.7726e+02, 6.3792e+02,
         5.2356e+02, 4.2970e+02, 3.5267e+02, 2.8945e+02, 2.3756e+02, 1.9497e+02,
         1.6002e+02, 1.3133e+02, 1.0779e+02, 8.8465e+01, 7.2606e+01, 5.9590e+01,
         4.8907e+01, 4.0140e+01, 3.2944e+01, 2.7038e+01, 2.2191e+01, 1.8213e+01,
         1.4948e+01, 1.2268e+01, 1.0069e+01, 8.2638e+00, 6.7823e+00, 5.5665e+00,
         4.5686e+00, 3.7496e+00, 3.0774e+00, 2.5257e+00, 2.0729e+00, 1.7013e+00,
         1.3963e+00, 1.1460e+00, 9.4056e-01, 7.7195e-01, 6.3356e-01, 5.1998e-01,
         4.2676e-01, 3.5026e-01, 2.8747e-01, 2.3593e-01, 1.9364e-01, 1.5892e-01,
         1.3043e-01, 1.0705e-01, 8.7860e-02, 7.2110e-02, 5.9183e-02, 4.8573e-02,
         3.9865e-02, 3.2719e-02, 2.6853e-02, 2.2039e-02, 1.8088e-02, 1.4846e-02,
         1.2184e-02, 1.0000e-02]], dtype=torch.float64), 'temp': tensor([[199.9960, 198.6951, 197.4230, 196.1607, 194.9065, 193.6251, 192.3487,
         191.0791, 189.8108, 188.5109, 187.2130, 185.9130, 184.6013, 183.2546,
         181.9132, 180.5895, 179.2897, 177.9919, 176.7346, 175.4988, 174.2675,
         173.0352, 171.8439, 170.6632, 169.4483, 168.1899, 166.9324, 165.6804,
         164.4223, 163.1480, 161.8839, 160.6299, 159.3708, 158.0996, 156.8403,
         155.5929, 154.3405, 153.0807, 151.8364, 150.6108, 149.3941, 148.1502,
         146.9230, 145.7178, 144.5173, 143.3442, 142.2284, 141.1037, 139.9496,
         138.8130, 137.7089, 136.6389, 135.5857, 134.5617, 133.5779, 132.6347,
         131.7176, 130.8395, 130.0046, 129.2169, 128.4550, 127.7317, 127.0427,
         126.3859, 125.7399, 125.1033, 124.4651, 123.8184, 123.1179, 122.3675,
         121.5455, 120.6450, 119.5859, 118.3839, 117.0091, 115.4551, 113.6248,
         111.6358, 109.5885, 107.6866]], dtype=torch.float64), 'xCO2': tensor([[0.8333, 0.7654, 0.8165, 0.8876, 0.9587, 1.0273, 1.0927, 1.1567, 1.2190,
         1.2783, 1.3316, 1.3773, 1.4137, 1.4363, 1.4445, 1.4362, 1.4076, 1.3522,
         1.2701, 1.1610, 1.0192, 0.8473, 0.6729, 0.5133, 0.3776, 0.2686, 0.1860,
         0.1282, 0.0943, 0.0791, 0.0731, 0.0718, 0.0732, 0.0763, 0.0806, 0.0857,
         0.0917, 0.0982, 0.1049, 0.1119, 0.1193, 0.1272, 0.1354, 0.1442, 0.1536,
         0.1639, 0.1749, 0.1869, 0.2010, 0.2230, 0.2748, 0.3950, 0.5508, 0.6417,
         0.7068, 0.7715, 0.8425, 0.9193, 1.0011, 1.0880, 1.1824, 1.2822, 1.3861,
         1.4931, 1.6043, 1.7154, 1.8232, 1.9245, 2.0147, 2.0867, 2.1352, 2.1549,
         2.1287, 2.0557, 1.9352, 1.7667, 1.5420, 1.2993, 1.0734, 0.9177]],
       dtype=torch.float64), 'xH2O': tensor([[2.7005e-06, 2.6868e-06, 2.7429e-06, 2.5920e-06, 2.2746e-06, 1.9445e-06,
         1.6528e-06, 1.3983e-06, 1.1737e-06, 9.7188e-07, 7.9476e-07, 6.4054e-07,
         5.0757e-07, 3.9441e-07, 3.0015e-07, 2.2306e-07, 1.6129e-07, 1.1272e-07,
         7.5769e-08, 4.8751e-08, 2.9842e-08, 1.7485e-08, 9.6268e-09, 4.9406e-09,
         2.3813e-09, 1.1050e-09, 4.6668e-10, 1.6834e-10, 5.0084e-11, 1.5741e-11,
         8.0055e-12, 8.9025e-12, 1.1646e-11, 1.2743e-11, 1.2129e-11, 1.0544e-11,
         8.5529e-12, 6.6972e-12, 5.3828e-12, 4.7774e-12, 4.8933e-12, 5.6642e-12,
         7.0079e-12, 8.9373e-12, 1.1643e-11, 1.5300e-11, 2.0041e-11, 2.6134e-11,
         3.4426e-11, 4.7546e-11, 7.8374e-11, 1.6842e-10, 3.4601e-10, 4.8187e-10,
         5.8715e-10, 6.9393e-10, 8.1196e-10, 9.3804e-10, 1.0678e-09, 1.1966e-09,
         1.3174e-09, 1.4195e-09, 1.4945e-09, 1.5356e-09, 1.5305e-09, 1.4804e-09,
         1.3902e-09, 1.2663e-09, 1.1112e-09, 9.4284e-10, 7.7426e-10, 6.1519e-10,
         4.7065e-10, 3.4798e-10, 2.4910e-10, 1.7279e-10, 1.1582e-10, 7.2894e-11,
         4.3111e-11, 2.8986e-11]], dtype=torch.float64), 'xSO2': tensor([[3.1099e-02, 3.3270e-02, 3.4897e-02, 3.4758e-02, 3.4049e-02, 3.3078e-02,
         3.1981e-02, 3.0780e-02, 2.9433e-02, 2.7828e-02, 2.6055e-02, 2.4130e-02,
         2.2068e-02, 1.9843e-02, 1.7571e-02, 1.5298e-02, 1.3049e-02, 1.0812e-02,
         8.7175e-03, 6.8220e-03, 5.1505e-03, 3.7346e-03, 2.5923e-03, 1.7172e-03,
         1.0869e-03, 6.6092e-04, 3.8402e-04, 2.1749e-04, 1.3158e-04, 9.4867e-05,
         7.8503e-05, 7.1025e-05, 6.7825e-05, 6.6806e-05, 6.6962e-05, 6.7991e-05,
         6.9806e-05, 7.2320e-05, 7.5414e-05, 7.9095e-05, 8.3393e-05, 8.8049e-05,
         9.2855e-05, 9.7781e-05, 1.0291e-04, 1.0825e-04, 1.1374e-04, 1.1941e-04,
         1.2577e-04, 1.3611e-04, 1.6302e-04, 2.2777e-04, 3.0978e-04, 3.5451e-04,
         3.8574e-04, 4.1642e-04, 4.4917e-04, 4.8352e-04, 5.1903e-04, 5.5558e-04,
         5.9364e-04, 6.3227e-04, 6.7076e-04, 7.0848e-04, 7.4485e-04, 7.7796e-04,
         8.0621e-04, 8.2790e-04, 8.3948e-04, 8.3864e-04, 8.2373e-04, 7.9333e-04,
         7.4035e-04, 6.6869e-04, 5.8177e-04, 4.8206e-04, 3.6986e-04, 2.6169e-04,
         1.7253e-04, 1.1807e-04]], dtype=torch.float64), 'xH2SO4aer': tensor([[7.0833e-08, 7.4322e-08, 8.7254e-08, 1.0159e-07, 1.1753e-07, 1.3603e-07,
         1.5696e-07, 1.8099e-07, 2.0857e-07, 2.4152e-07, 2.7915e-07, 3.2202e-07,
         3.7116e-07, 4.2983e-07, 4.9696e-07, 5.7436e-07, 6.6622e-07, 7.8162e-07,
         9.2889e-07, 1.1276e-06, 1.4361e-06, 1.9890e-06, 2.8290e-06, 3.7270e-06,
         3.9066e-06, 2.5828e-06, 8.9933e-07, 1.4021e-07, 1.4105e-08, 3.8228e-09,
         2.1545e-09, 1.8055e-09, 1.7482e-09, 1.7710e-09, 1.8260e-09, 1.9037e-09,
         1.9971e-09, 2.0963e-09, 2.1934e-09, 2.2854e-09, 2.3707e-09, 2.4454e-09,
         2.5041e-09, 2.5394e-09, 2.5381e-09, 2.4885e-09, 2.3855e-09, 2.2314e-09,
         2.0521e-09, 1.9456e-09, 2.0928e-09, 2.6562e-09, 3.0249e-09, 2.6124e-09,
         2.0436e-09, 1.5088e-09, 1.0483e-09, 6.8242e-10, 4.1181e-10, 2.2668e-10,
         1.1506e-10, 5.3150e-11, 2.1827e-11, 7.8696e-12, 2.9420e-12, 1.2403e-12,
         6.1860e-13, 3.4058e-13, 1.8833e-13, 9.7015e-14, 4.5900e-14, 1.9791e-14,
         8.3888e-15, 3.3959e-15, 1.3158e-15, 4.7720e-16, 1.7934e-16, 6.2369e-17,
         1.8945e-17, 4.2672e-18]], dtype=torch.float64), 'xS8aer': tensor([[1.5708e-34, 3.3043e-34, 6.0514e-34, 1.1159e-33, 2.0647e-33, 4.1245e-33,
         8.1356e-33, 1.5883e-32, 3.1058e-32, 6.5371e-32, 1.3503e-31, 2.8047e-31,
         6.3525e-31, 2.3631e-30, 1.4393e-29, 1.3576e-28, 2.5105e-27, 7.5085e-26,
         1.2735e-24, 1.6760e-23, 2.3499e-22, 2.8216e-21, 1.3713e-20, 3.2910e-20,
         4.3716e-20, 2.9688e-20, 9.4684e-21, 1.1392e-21, 4.9318e-23, 4.2015e-24,
         5.8854e-25, 1.4141e-25, 5.4772e-26, 2.8377e-26, 1.6192e-26, 9.7108e-27,
         6.0691e-27, 3.9377e-27, 2.5963e-27, 1.7270e-27, 1.1732e-27, 8.0972e-28,
         5.5685e-28, 3.8487e-28, 2.7908e-28, 2.2488e-28, 2.0545e-28, 2.0006e-28,
         1.8724e-28, 1.6298e-28, 1.4241e-28, 1.3081e-28, 9.2386e-29, 4.8396e-29,
         2.7338e-29, 1.5641e-29, 8.0718e-30, 3.3820e-30, 1.0018e-30, 1.5400e-31,
         1.0108e-32, 6.5111e-35, 2.1757e-39, 1.6451e-40, 1.3365e-40, 1.0922e-40,
         1.0000e-40, 1.0000e-40, 1.0000e-40, 1.0000e-40, 1.0000e-40, 1.0000e-40,
         1.0000e-40, 1.0000e-40, 1.0000e-40, 1.0000e-40, 1.0000e-40, 1.0000e-40,
         1.0000e-40, 1.0000e-40]], dtype=torch.float64)}"
43200,211.175,0,"{'pres': tensor([[6.0000e+04, 4.9244e+04, 4.0416e+04, 3.3171e+04, 2.7224e+04, 2.2344e+04,
         1.8338e+04, 1.5051e+04, 1.2353e+04, 1.0138e+04, 8.3207e+03, 6.8290e+03,
         5.6048e+03, 4.6000e+03, 3.7754e+03, 3.0986e+03, 2.5431e+03, 2.0872e+03,
         1.7130e+03, 1.4059e+03, 1.1539e+03, 9.4703e+02, 7.7726e+02, 6.3792e+02,
         5.2356e+02, 4.2970e+02, 3.5267e+02, 2.8945e+02, 2.3756e+02, 1.9497e+02,
         1.6002e+02, 1.3133e+02, 1.0779e+02, 8.8465e+01, 7.2606e+01, 5.9590e+01,
         4.8907e+01, 4.0140e+01, 3.2944e+01, 2.7038e+01, 2.2191e+01, 1.8213e+01,
         1.4948e+01, 1.2268e+01, 1.0069e+01, 8.2638e+00, 6.7823e+00, 5.5665e+00,
         4.5686e+00, 3.7496e+00, 3.0774e+00, 2.5257e+00, 2.0729e+00, 1.7013e+00,
         1.3963e+00, 1.1460e+00, 9.4056e-01, 7.7195e-01, 6.3356e-01, 5.1998e-01,
         4.2676e-01, 3.5026e-01, 2.8747e-01, 2.3593e-01, 1.9364e-01, 1.5892e-01,
         1.3043e-01, 1.0705e-01, 8.7860e-02, 7.2110e-02, 5.9183e-02, 4.8573e-02,
         3.9865e-02, 3.2719e-02, 2.6853e-02, 2.2039e-02, 1.8088e-02, 1.4846e-02,
         1.2184e-02, 1.0000e-02]], dtype=torch.float64), 'temp': tensor([[200.0333, 198.6875, 197.4141, 196.1509, 194.8961, 193.6149, 192.3369,
         191.0650, 189.7937, 188.4899, 187.1869, 185.8801, 184.5592, 183.2005,
         181.8429, 180.4972, 179.1675, 177.8302, 176.5191, 175.2130, 173.8998,
         172.5829, 171.3119, 170.0727, 168.8374, 167.5990, 166.4159, 165.2817,
         164.1294, 162.9151, 161.6830, 160.4465, 159.1978, 157.9341, 156.6806,
         155.4383, 154.1907, 152.9361, 151.6975, 150.4783, 149.2702, 148.0393,
         146.8289, 145.6444, 144.4700, 143.3267, 142.2442, 141.1622, 140.0664,
         139.0069, 138.0199, 137.1514, 136.3307, 135.4436, 134.5737, 133.7566,
         132.9851, 132.2675, 131.6024, 130.9910, 130.4166, 129.8836, 129.3787,
         128.8989, 128.4219, 127.9421, 127.4436, 126.9288, 126.3577, 125.7395,
         125.0560, 124.3330, 123.4826, 122.5249, 121.3951, 119.9983, 118.1096,
         115.8222, 113.2957, 111.0373]], dtype=torch.float64), 'xCO2': tensor([[0.8333, 0.7726, 0.8332, 0.9246, 1.0261, 1.1359, 1.2482, 1.3642, 1.4852,
         1.6141, 1.7460, 1.8799, 2.0146, 2.1488, 2.2766, 2.3965, 2.5053, 2.5974,
         2.6664, 2.7073, 2.7144, 2.6750, 2.5881, 2.4454, 2.2332, 1.9549, 1.6495,
         1.3441, 1.0592, 0.8081, 0.5987, 0.4338, 0.3167, 0.2462, 0.2095, 0.1939,
         0.1908, 0.1948, 0.2030, 0.2142, 0.2282, 0.2443, 0.2616, 0.2794, 0.2981,
         0.3174, 0.3373, 0.3577, 0.3790, 0.4016, 0.4252, 0.4504, 0.4788, 0.5167,
         0.5912, 0.7672, 1.0943, 1.3807, 1.5498, 1.6786, 1.8084, 1.9433, 2.0816,
         2.2221, 2.3663, 2.5089, 2.6457, 2.7719, 2.8812, 2.9655, 3.0161, 3.0217,
         2.9581, 2.8235, 2.6086, 2.3107, 1.9227, 1.5187, 1.1720, 0.9594]],
       dtype=torch.float64), 'xH2O': tensor([[2.7157e-06, 2.6613e-06, 2.7710e-06, 2.8490e-06, 2.7747e-06, 2.5890e-06,
         2.3850e-06, 2.1857e-06, 1.9947e-06, 1.8059e-06, 1.6226e-06, 1.4461e-06,
         1.2766e-06, 1.1113e-06, 9.5495e-07, 8.1038e-07, 6.7788e-07, 5.5654e-07,
         4.4830e-07, 3.5354e-07, 2.7190e-07, 2.0301e-07, 1.4700e-07, 1.0261e-07,
         6.8677e-08, 4.4166e-08, 2.7039e-08, 1.5648e-08, 8.5945e-09, 4.5389e-09,
         2.2337e-09, 9.9223e-10, 3.9078e-10, 1.4208e-10, 5.1549e-11, 2.8407e-11,
         3.3027e-11, 4.5914e-11, 5.2797e-11, 5.1348e-11, 4.4514e-11, 3.5625e-11,
         2.7104e-11, 2.0373e-11, 1.6422e-11, 1.5326e-11, 1.6536e-11, 1.9729e-11,
         2.5097e-11, 3.2789e-11, 4.3031e-11, 5.6454e-11, 7.5069e-11, 1.0273e-10,
         1.5738e-10, 3.0510e-10, 7.0768e-10, 1.2111e-09, 1.5806e-09, 1.8891e-09,
         2.2103e-09, 2.5441e-09, 2.8714e-09, 3.1686e-09, 3.4001e-09, 3.5314e-09,
         3.5376e-09, 3.4013e-09, 3.1061e-09, 2.7058e-09, 2.2444e-09, 1.7632e-09,
         1.3017e-09, 9.0744e-10, 5.9324e-10, 3.6094e-10, 2.0863e-10, 1.1453e-10,
         6.3104e-11, 4.3095e-11]], dtype=torch.float64), 'xSO2': tensor([[0.0312, 0.0331, 0.0357, 0.0375, 0.0387, 0.0396, 0.0403, 0.0409, 0.0413,
         0.0415, 0.0415, 0.0411, 0.0405, 0.0394, 0.0380, 0.0364, 0.0344, 0.0320,
         0.0294, 0.0266, 0.0236, 0.0205, 0.0174, 0.0144, 0.0115, 0.0089, 0.0067,
         0.0048, 0.0033, 0.0022, 0.0014, 0.0009, 0.0005, 0.0003, 0.0003, 0.0002,
         0.0002, 0.0002, 0.0002, 0.0002, 0.0002, 0.0002, 0.0002, 0.0002, 0.0002,
         0.0002, 0.0002, 0.0002, 0.0003, 0.0003, 0.0003, 0.0003, 0.0003, 0.0003,
         0.0004, 0.0004, 0.0006, 0.0008, 0.0008, 0.0009, 0.0010, 0.0010, 0.0011,
         0.0011, 0.0012, 0.0012, 0.0012, 0.0013, 0.0013, 0.0013, 0.0013, 0.0012,
         0.0011, 0.0010, 0.0009, 0.0007, 0.0005, 0.0003, 0.0002, 0.0001]],
       dtype=torch.float64), 'xH2SO4aer': tensor([[7.3451e-08, 7.4182e-08, 8.7744e-08, 1.0313e-07, 1.2066e-07, 1.4150e-07,
         1.6508e-07, 1.9203e-07, 2.2325e-07, 2.6095e-07, 3.0428e-07, 3.5403e-07,
         4.1160e-07, 4.8064e-07, 5.5979e-07, 6.5058e-07, 7.5605e-07, 8.8255e-07,
         1.0288e-06, 1.1995e-06, 1.4033e-06, 1.6616e-06, 1.9873e-06, 2.4204e-06,
         3.0716e-06, 4.1497e-06, 5.7468e-06, 7.7174e-06, 9.1399e-06, 8.1901e-06,
         4.7181e-06, 1.4038e-06, 2.1818e-07, 3.8405e-08, 1.0779e-08, 5.8310e-09,
         4.8324e-09, 4.6687e-09, 4.7214e-09, 4.8683e-09, 5.0806e-09, 5.3332e-09,
         5.5964e-09, 5.8503e-09, 6.0816e-09, 6.2783e-09, 6.4248e-09, 6.4963e-09,
         6.4436e-09, 6.2275e-09, 5.8380e-09, 5.2997e-09, 4.6929e-09, 4.1992e-09,
         4.0331e-09, 4.4253e-09, 5.0041e-09, 4.4207e-09, 3.1010e-09, 1.8970e-09,
         1.0374e-09, 5.0161e-10, 2.0860e-10, 7.2949e-11, 2.5465e-11, 9.9697e-12,
         4.7890e-12, 2.6127e-12, 1.4243e-12, 7.1090e-13, 3.1520e-13, 1.1918e-13,
         4.1827e-14, 1.2918e-14, 3.3894e-15, 7.1137e-16, 1.7402e-16, 4.3731e-17,
         1.1066e-17, 2.2718e-18]], dtype=torch.float64), 'xS8aer': tensor([[1.6310e-34, 3.3740e-34, 5.6138e-34, 9.3854e-34, 1.5722e-33, 2.7850e-33,
         4.8942e-33, 8.5527e-33, 1.4997e-32, 2.7822e-32, 5.0859e-32, 9.2016e-32,
         1.6770e-31, 3.2776e-31, 6.5663e-31, 1.4381e-30, 4.0448e-30, 2.0976e-29,
         1.5409e-28, 1.3711e-27, 1.8223e-26, 3.2799e-25, 3.9064e-24, 3.7848e-23,
         3.9914e-22, 3.7296e-21, 1.8529e-20, 5.3011e-20, 9.1460e-20, 9.2913e-20,
         5.2839e-20, 1.3711e-20, 1.4521e-21, 1.3177e-22, 1.2077e-23, 1.5615e-24,
         3.8867e-25, 1.6009e-25, 7.9940e-26, 4.4650e-26, 2.6785e-26, 1.6729e-26,
         1.0632e-26, 6.8330e-27, 4.4505e-27, 2.9326e-27, 1.9326e-27, 1.2673e-27,
         8.5513e-28, 6.2807e-28, 5.1646e-28, 4.5469e-28, 3.8406e-28, 2.9452e-28,
         2.1633e-28, 1.6807e-28, 1.2598e-28, 7.1244e-29, 3.3377e-29, 1.3559e-29,
         4.4378e-30, 1.0235e-30, 1.3010e-31, 3.9685e-33, 5.3674e-36, 9.7306e-40,
         1.2997e-40, 1.0251e-40, 1.0000e-40, 1.0000e-40, 1.0000e-40, 1.0000e-40,
         1.0000e-40, 1.0000e-40, 1.0000e-40, 1.0000e-40, 1.0000e-40, 1.0000e-40,
         1.0000e-40, 1.0000e-40]], dtype=torch.float64)}"
64800,213.094,0,"{'pres': tensor([[6.0000e+04, 4.9244e+04, 4.0416e+04, 3.3171e+04, 2.7224e+04, 2.2344e+04,
         1.8338e+04, 1.5051e+04, 1.2353e+04, 1.0138e+04, 8.3207e+03, 6.8290e+03,
         5.6048e+03, 4.6000e+03, 3.7754e+03, 3.0986e+03, 2.5431e+03, 2.0872e+03,
         1.7130e+03, 1.4059e+03, 1.1539e+03, 9.4703e+02, 7.7726e+02, 6.3792e+02,
         5.2356e+02, 4.2970e+02, 3.5267e+02, 2.8945e+02, 2.3756e+02, 1.9497e+02,
         1.6002e+02, 1.3133e+02, 1.0779e+02, 8.8465e+01, 7.2606e+01, 5.9590e+01,
         4.8907e+01, 4.0140e+01, 3.2944e+01, 2.7038e+01, 2.2191e+01, 1.8213e+01,
         1.4948e+01, 1.2268e+01, 1.0069e+01, 8.2638e+00, 6.7823e+00, 5.5665e+00,
         4.5686e+00, 3.7496e+00, 3.0774e+00, 2.5257e+00, 2.0729e+00, 1.7013e+00,
         1.3963e+00, 1.1460e+00, 9.4056e-01, 7.7195e-01, 6.3356e-01, 5.1998e-01,
         4.2676e-01, 3.5026e-01, 2.8747e-01, 2.3593e-01, 1.9364e-01, 1.5892e-01,
         1.3043e-01, 1.0705e-01, 8.7860e-02, 7.2110e-02, 5.9183e-02, 4.8573e-02,
         3.9865e-02, 3.2719e-02, 2.6853e-02, 2.2039e-02, 1.8088e-02, 1.4846e-02,
         1.2184e-02, 1.0000e-02]], dtype=torch.float64), 'temp': tensor([[200.0889, 198.6817, 197.4070, 196.1430, 194.8877, 193.6066, 192.3275,
         191.0539, 189.7805, 188.4741, 187.1679, 185.8568, 184.5303, 183.1649,
         181.7987, 180.4410, 179.0955, 177.7380, 176.4000, 175.0583, 173.6990,
         172.3216, 170.9680, 169.6209, 168.2596, 166.8873, 165.5644, 164.2982,
         163.0520, 161.7964, 160.5937, 159.4877, 158.4350, 157.3437, 156.2080,
         155.0357, 153.8281, 152.5982, 151.3773, 150.1716, 148.9762, 147.7602,
         146.5661, 145.3992, 144.2454, 143.1243, 142.0650, 141.0151, 139.9650,
         138.9604, 138.0264, 137.2034, 136.4381, 135.6400, 134.9010, 134.2814,
         133.7851, 133.2542, 132.6578, 132.0795, 131.5308, 131.0114, 130.5010,
         129.9907, 129.4605, 128.9043, 128.3077, 127.6790, 127.0043, 126.3093,
         125.5588, 124.8040, 124.0249, 123.3132, 122.6392, 121.9536, 120.7900,
         118.9124, 116.3408, 113.9722]], dtype=torch.float64), 'xCO2': tensor([[0.8333, 0.7797, 0.8484, 0.9549, 1.0793, 1.2228, 1.3776, 1.5439, 1.7233,
         1.9230, 2.1369, 2.3658, 2.6107, 2.8773, 3.1558, 3.4453, 3.7452, 4.0564,
         4.3666, 4.6708, 4.9650, 5.2411, 5.4845, 5.6837, 5.8223, 5.8800, 5.8483,
         5.7096, 5.4317, 4.9954, 4.4481, 3.8300, 3.1876, 2.5675, 2.0087, 1.5271,
         1.1383, 0.8551, 0.6709, 0.5666, 0.5201, 0.5078, 0.5142, 0.5327, 0.5604,
         0.5949, 0.6337, 0.6748, 0.7174, 0.7605, 0.8033, 0.8460, 0.8892, 0.9323,
         0.9756, 1.0202, 1.0720, 1.1524, 1.3324, 1.7331, 2.3658, 2.8587, 3.1325,
         3.3261, 3.5046, 3.6745, 3.8317, 3.9721, 4.0874, 4.1671, 4.1983, 4.1679,
         4.0421, 3.8127, 3.4606, 2.9814, 2.3670, 1.7528, 1.2691, 1.0003]],
       dtype=torch.float64), 'xH2O': tensor([[2.7388e-06, 2.6524e-06, 2.7729e-06, 2.9059e-06, 3.0296e-06, 3.1239e-06,
         3.1419e-06, 3.0790e-06, 2.9921e-06, 2.8901e-06, 2.7796e-06, 2.6605e-06,
         2.5312e-06, 2.3860e-06, 2.2316e-06, 2.0713e-06, 1.9044e-06, 1.7283e-06,
         1.5513e-06, 1.3762e-06, 1.2048e-06, 1.0367e-06, 8.7777e-07, 7.2967e-07,
         5.9266e-07, 4.6882e-07, 3.6140e-07, 2.7048e-07, 1.9554e-07, 1.3622e-07,
         9.1027e-08, 5.7902e-08, 3.5094e-08, 2.0396e-08, 1.1185e-08, 5.6888e-09,
         2.6702e-09, 1.1551e-09, 4.4738e-10, 1.7023e-10, 9.7853e-11, 1.1127e-10,
         1.5401e-10, 1.8293e-10, 1.7839e-10, 1.5257e-10, 1.1985e-10, 8.8393e-11,
         6.4123e-11, 4.9874e-11, 4.4809e-11, 4.7356e-11, 5.7135e-11, 7.3471e-11,
         9.6489e-11, 1.2754e-10, 1.7281e-10, 2.4796e-10, 4.1764e-10, 8.7356e-10,
         1.9440e-09, 3.1294e-09, 3.9924e-09, 4.7084e-09, 5.4104e-09, 6.0579e-09,
         6.5627e-09, 6.8406e-09, 6.7612e-09, 6.3047e-09, 5.5061e-09, 4.4727e-09,
         3.3293e-09, 2.2745e-09, 1.4069e-09, 7.7508e-10, 3.9319e-10, 1.8759e-10,
         9.3212e-11, 6.1184e-11]], dtype=torch.float64), 'xSO2': tensor([[0.0314, 0.0330, 0.0364, 0.0396, 0.0426, 0.0454, 0.0481, 0.0508, 0.0535,
         0.0561, 0.0586, 0.0610, 0.0631, 0.0650, 0.0665, 0.0676, 0.0682, 0.0682,
         0.0677, 0.0665, 0.0648, 0.0622, 0.0591, 0.0553, 0.0510, 0.0460, 0.0407,
         0.0353, 0.0299, 0.0245, 0.0195, 0.0150, 0.0111, 0.0080, 0.0055, 0.0036,
         0.0023, 0.0015, 0.0010, 0.0007, 0.0006, 0.0005, 0.0005, 0.0005, 0.0005,
         0.0005, 0.0005, 0.0005, 0.0005, 0.0005, 0.0006, 0.0006, 0.0006, 0.0006,
         0.0006, 0.0007, 0.0007, 0.0007, 0.0008, 0.0010, 0.0013, 0.0016, 0.0017,
         0.0018, 0.0018, 0.0019, 0.0019, 0.0019, 0.0019, 0.0019, 0.0019, 0.0018,
         0.0016, 0.0015, 0.0012, 0.0010, 0.0007, 0.0004, 0.0002, 0.0001]],
       dtype=torch.float64), 'xH2SO4aer': tensor([[7.6141e-08, 7.4072e-08, 8.8111e-08, 1.0427e-07, 1.2296e-07, 1.4561e-07,
         1.7157e-07, 2.0134e-07, 2.3578e-07, 2.7758e-07, 3.2603e-07, 3.8206e-07,
         4.4729e-07, 5.2609e-07, 6.1712e-07, 7.2217e-07, 8.4466e-07, 9.9200e-07,
         1.1619e-06, 1.3578e-06, 1.5868e-06, 1.8619e-06, 2.1814e-06, 2.5544e-06,
         3.0014e-06, 3.5615e-06, 4.2554e-06, 5.1465e-06, 6.4027e-06, 8.3526e-06,
         1.1263e-05, 1.5323e-05, 1.9908e-05, 2.2224e-05, 1.9030e-05, 1.0555e-05,
         3.2230e-06, 6.6298e-07, 1.2104e-07, 3.1081e-08, 1.6207e-08, 1.3081e-08,
         1.2358e-08, 1.2389e-08, 1.2727e-08, 1.3225e-08, 1.3800e-08, 1.4380e-08,
         1.4897e-08, 1.5291e-08, 1.5513e-08, 1.5487e-08, 1.5030e-08, 1.4011e-08,
         1.2474e-08, 1.0637e-08, 8.8483e-09, 7.4865e-09, 6.8067e-09, 6.8221e-09,
         6.3356e-09, 4.3140e-09, 2.1873e-09, 8.6924e-10, 3.0140e-10, 9.9159e-11,
         3.8352e-11, 2.0631e-11, 1.2931e-11, 7.5654e-12, 3.8625e-12, 1.6227e-12,
         5.8200e-13, 1.6598e-13, 3.3820e-14, 3.8924e-15, 4.8880e-16, 6.3120e-17,
         9.8852e-18, 1.5450e-18]], dtype=torch.float64), 'xS8aer': tensor([[1.6934e-34, 3.4335e-34, 5.3106e-34, 8.2393e-34, 1.2795e-33, 2.0722e-33,
         3.3366e-33, 5.3503e-33, 8.6044e-33, 1.4459e-32, 2.4094e-32, 3.9875e-32,
         6.6293e-32, 1.1503e-31, 1.9766e-31, 3.3805e-31, 5.8971e-31, 1.1156e-30,
         2.2618e-30, 5.2217e-30, 1.5724e-29, 7.8532e-29, 4.8654e-28, 3.4448e-27,
         3.4789e-26, 4.4176e-25, 4.1661e-24, 3.3731e-23, 3.1880e-22, 2.8295e-21,
         1.6092e-20, 5.9878e-20, 1.4654e-19, 2.2323e-19, 2.1275e-19, 1.1533e-19,
         3.0067e-20, 4.4974e-21, 4.3563e-22, 3.4247e-23, 4.3767e-24, 1.1848e-24,
         4.4123e-25, 2.0566e-25, 1.1220e-25, 6.5772e-26, 3.9390e-26, 2.3846e-26,
         1.4670e-26, 9.0724e-27, 5.5678e-27, 3.3849e-27, 2.1183e-27, 1.4400e-27,
         1.0788e-27, 8.2767e-28, 5.8094e-28, 3.6855e-28, 2.3142e-28, 1.5588e-28,
         9.5649e-29, 4.1574e-29, 1.2499e-29, 2.2682e-30, 2.6722e-31, 1.6791e-32,
         2.8700e-34, 1.1386e-37, 1.2237e-40, 1.0000e-40, 1.0000e-40, 1.0000e-40,
         1.0000e-40, 1.0000e-40, 1.0000e-40, 1.0000e-40, 1.0000e-40, 1.0000e-40,
         1.0000e-40, 1.0000e-40]], dtype=torch.float64)}"
