tot_time [s],surface_temp [K],precip_rate [m/s],"atm(pres [Pa], temp [K], xfrac [mol/mol])"
0,186.22,0,"{'pres': tensor([[7.0013e+04, 5.7350e+04, 4.6977e+04, 3.8480e+04, 3.1520e+04, 2.5819e+04,
         2.1149e+04, 1.7324e+04, 1.4190e+04, 1.1624e+04, 9.5214e+03, 7.7993e+03,
         6.3886e+03, 5.2331e+03, 4.2866e+03, 3.5112e+03, 2.8762e+03, 2.3559e+03,
         1.9298e+03, 1.5808e+03, 1.2949e+03, 1.0607e+03, 8.6881e+02, 7.1167e+02,
         5.8295e+02, 4.7751e+02, 3.9114e+02, 3.2040e+02, 2.6245e+02, 2.1498e+02,
         1.7609e+02, 1.4424e+02, 1.1815e+02, 9.6783e+01, 7.9278e+01, 6.4939e+01,
         5.3193e+01, 4.3572e+01, 3.5691e+01, 2.9236e+01, 2.3948e+01, 1.9616e+01,
         1.6068e+01, 1.3162e+01, 1.0781e+01, 8.8313e+00, 7.2340e+00, 5.9256e+00,
         4.8538e+00, 3.9759e+00, 3.2568e+00, 2.6677e+00, 2.1852e+00, 1.7900e+00,
         1.4662e+00, 1.2010e+00, 9.8378e-01, 8.0585e-01, 6.6009e-01, 5.4070e-01,
         4.4290e-01, 3.6279e-01, 2.9717e-01, 2.4342e-01, 1.9940e-01, 1.6333e-01,
         1.3379e-01, 1.0959e-01, 8.9769e-02, 7.3532e-02, 6.0232e-02, 4.9338e-02,
         4.0414e-02, 3.3104e-02, 2.7117e-02, 2.2212e-02, 1.8195e-02, 1.4904e-02,
         1.2208e-02, 1.0000e-02]], dtype=torch.float64), 'temp': tensor([[186.0474, 180.5056, 177.6134, 176.6310, 176.3602, 176.5115, 176.8079,
         177.0127, 177.2705, 177.4145, 177.5287, 177.4944, 177.3818, 177.0520,
         176.5658, 175.8914, 174.7978, 173.6510, 171.0798, 168.4997, 165.9673,
         163.2798, 160.3322, 157.1741, 153.7287, 149.8916, 145.9277, 141.5488,
         136.5445, 131.7818, 128.4674, 127.3852, 126.4918, 125.7335, 125.0881,
         124.3363, 123.6536, 123.0914, 122.5056, 121.9092, 121.3399, 120.7993,
         120.2802, 119.7840, 119.3069, 118.8374, 118.3838, 117.9510, 117.5359,
         117.1391, 116.7596, 116.3939, 116.0329, 115.6907, 115.3631, 115.0489,
         114.7411, 114.4491, 114.1354, 113.8355, 113.5287, 113.2309, 112.9213,
         112.6306, 112.2995, 111.9879, 111.6648, 111.3592, 111.0107, 110.7102,
         110.3759, 110.0845, 109.7636, 109.5177, 109.2329, 108.9970, 108.7492,
         108.5442, 108.3537, 108.2176]], dtype=torch.float64), 'xCO2': tensor([[0.7477, 0.5128, 0.3840, 0.4525, 0.5628, 0.6220, 0.6275, 0.6207, 0.6133,
         0.6093, 0.6111, 0.6188, 0.6317, 0.6495, 0.6720, 0.6978, 0.7291, 0.7666,
         0.8117, 0.8581, 0.8998, 0.9321, 0.9487, 0.9442, 0.9099, 0.8411, 0.7457,
         0.6243, 0.4765, 0.3156, 0.2120, 0.1826, 0.1732, 0.1772, 0.1893, 0.2190,
         0.2493, 0.2741, 0.2882, 0.2947, 0.3025, 0.3156, 0.3301, 0.3458, 0.3627,
         0.3812, 0.4011, 0.4222, 0.4447, 0.4685, 0.4938, 0.5207, 0.5499, 0.5807,
         0.6053, 0.6175, 0.6289, 0.6482, 0.6699, 0.6988, 0.7309, 0.7679, 0.8070,
         0.8518, 0.8972, 0.9448, 0.9909, 1.0351, 1.0726, 1.1039, 1.1224, 1.1284,
         1.1180, 1.0908, 1.0466, 0.9898, 0.9208, 0.8431, 0.7632, 0.6852]],
       dtype=torch.float64), 'xH2O': tensor([[2.5815e-07, 9.1840e-08, 3.5488e-09, 1.0000e-40, 1.0000e-40, 1.0000e-40,
         1.0000e-40, 1.0000e-40, 1.0000e-40, 1.0000e-40, 1.0000e-40, 1.0000e-40,
         1.0000e-40, 1.0000e-40, 1.0000e-40, 1.0000e-40, 1.0000e-40, 1.0000e-40,
         1.0000e-40, 1.0000e-40, 1.0000e-40, 1.0000e-40, 1.0000e-40, 1.0000e-40,
         1.0000e-40, 1.0000e-40, 1.0000e-40, 1.0000e-40, 1.6071e-10, 1.1261e-10,
         1.0000e-40, 1.0000e-40, 1.0000e-40, 1.0000e-40, 1.0000e-40, 1.0000e-40,
         1.0000e-40, 1.0000e-40, 1.0000e-40, 1.0000e-40, 1.0000e-40, 1.0000e-40,
         1.0000e-40, 1.0000e-40, 1.0000e-40, 1.0000e-40, 1.0000e-40, 1.0000e-40,
         1.0000e-40, 1.0000e-40, 1.0000e-40, 1.0000e-40, 1.0000e-40, 1.0000e-40,
         1.0000e-40, 1.0000e-40, 1.0000e-40, 1.0000e-40, 1.0000e-40, 1.0000e-40,
         1.0000e-40, 1.0000e-40, 1.0000e-40, 1.0000e-40, 1.0000e-40, 1.0000e-40,
         1.0000e-40, 1.0000e-40, 1.0000e-40, 1.0000e-40, 1.0000e-40, 1.0000e-40,
         2.3691e-11, 4.3864e-11, 4.6772e-11, 4.0733e-11, 3.1718e-11, 2.3635e-11,
         1.8194e-11, 1.5805e-11]], dtype=torch.float64), 'xSO2': tensor([[7.1219e-03, 3.9949e-03, 1.5558e-03, 3.0051e-04, 1.0000e-40, 1.0000e-40,
         1.0000e-40, 1.0000e-40, 1.0000e-40, 1.0000e-40, 1.0000e-40, 1.0000e-40,
         1.0000e-40, 1.0000e-40, 1.0000e-40, 1.0000e-40, 1.0000e-40, 1.0000e-40,
         1.0000e-40, 1.0000e-40, 1.0000e-40, 1.0000e-40, 1.0000e-40, 1.0000e-40,
         1.0000e-40, 1.0000e-40, 1.0000e-40, 1.0000e-40, 1.0000e-40, 1.0000e-40,
         5.2405e-08, 4.0465e-05, 1.2778e-04, 1.3107e-04, 1.3381e-04, 1.4656e-04,
         1.6009e-04, 1.7118e-04, 1.7052e-04, 1.6177e-04, 1.5641e-04, 1.5902e-04,
         1.6394e-04, 1.6990e-04, 1.7679e-04, 1.8462e-04, 1.9309e-04, 2.0207e-04,
         2.1153e-04, 2.2144e-04, 2.3172e-04, 2.4242e-04, 2.5357e-04, 2.6489e-04,
         2.7534e-04, 2.7860e-04, 2.7855e-04, 2.8135e-04, 2.8427e-04, 2.8906e-04,
         2.9405e-04, 2.9959e-04, 3.0454e-04, 3.0970e-04, 3.1298e-04, 3.1506e-04,
         3.1469e-04, 3.1183e-04, 3.0525e-04, 2.9515e-04, 2.8110e-04, 2.6364e-04,
         2.4233e-04, 2.1665e-04, 1.8756e-04, 1.5664e-04, 1.2517e-04, 9.5847e-05,
         7.1685e-05, 5.3420e-05]], dtype=torch.float64), 'xH2SO4aer': tensor([[3.8830e-07, 4.4991e-07, 5.4154e-07, 6.5019e-07, 7.8778e-07, 9.6088e-07,
         1.1743e-06, 1.4271e-06, 1.7322e-06, 2.1169e-06, 2.6071e-06, 3.2262e-06,
         4.0080e-06, 5.0175e-06, 6.3687e-06, 8.1249e-06, 1.0712e-05, 1.4212e-05,
         1.9297e-05, 2.6089e-05, 3.4106e-05, 4.0714e-05, 4.0230e-05, 3.0011e-05,
         1.4605e-05, 4.2822e-06, 4.0836e-07, 1.0000e-40, 9.0870e-09, 1.0840e-08,
         2.8877e-09, 2.1027e-09, 1.9054e-09, 1.8846e-09, 1.9656e-09, 2.2184e-09,
         2.4804e-09, 2.6949e-09, 2.7477e-09, 2.6669e-09, 2.5203e-09, 2.3867e-09,
         2.2201e-09, 2.0202e-09, 1.7945e-09, 1.5489e-09, 1.3002e-09, 1.0608e-09,
         8.3995e-10, 6.4477e-10, 4.7945e-10, 3.4545e-10, 2.4199e-10, 1.6495e-10,
         1.0957e-10, 7.1012e-11, 4.4956e-11, 2.7859e-11, 1.7153e-11, 1.0382e-11,
         6.1787e-12, 3.6157e-12, 2.0793e-12, 1.1845e-12, 6.7622e-13, 3.8099e-13,
         2.1163e-13, 1.1571e-13, 6.2449e-14, 3.3871e-14, 1.7773e-14, 8.8068e-15,
         3.9243e-15, 1.5722e-15, 5.3437e-16, 1.5222e-16, 3.7572e-17, 1.0565e-17,
         2.8807e-18, 6.1609e-19]], dtype=torch.float64), 'xS8aer': tensor([[3.5820e-34, 4.2303e-34, 5.1835e-34, 6.3397e-34, 7.8225e-34, 9.7131e-34,
         1.2113e-33, 1.5262e-33, 1.9791e-33, 3.1485e-33, 6.1963e-33, 2.1597e-32,
         1.6072e-31, 1.8779e-30, 4.0348e-29, 4.6112e-28, 7.8919e-27, 5.7892e-26,
         4.7372e-25, 2.3796e-24, 5.5985e-24, 1.7230e-23, 4.5818e-23, 9.3564e-23,
         1.3758e-22, 1.1879e-22, 8.2541e-23, 5.1774e-23, 3.2695e-23, 1.3524e-23,
         1.5076e-24, 2.1377e-25, 4.7636e-26, 2.3073e-26, 1.9472e-26, 1.9471e-26,
         2.0338e-26, 2.1048e-26, 1.5907e-26, 7.2065e-27, 2.0091e-27, 7.6539e-28,
         4.1134e-28, 2.6444e-28, 1.8445e-28, 1.3726e-28, 1.0391e-28, 7.8118e-29,
         5.8784e-29, 4.4254e-29, 3.3037e-29, 2.4059e-29, 1.6785e-29, 1.0447e-29,
         5.7337e-30, 2.8697e-30, 1.1646e-30, 2.1196e-31, 1.0000e-40, 1.0000e-40,
         1.0000e-40, 1.0000e-40, 1.0000e-40, 1.0000e-40, 1.0000e-40, 1.0000e-40,
         1.0000e-40, 1.0000e-40, 1.0000e-40, 1.0000e-40, 1.0000e-40, 1.0000e-40,
         1.0000e-40, 1.0000e-40, 1.0000e-40, 1.0000e-40, 1.0000e-40, 1.0000e-40,
         1.0000e-40, 1.0000e-40]], dtype=torch.float64)}"
