#optical constants for S8 aerosols, 1 um radius
#k and w from Kerber ++ (2015), g for VIS from Kerber++ (2015) and rest from PSG (hri_volcanic_afcrl_h2so4_215k), interpolated to be on one wavelength grid
#wav[um] k[m^2/kg] w(ssa) g(HG)
1.0672843515e-01 2.1624829592e+00 5.7680288462e-01 7.6161250000e-01
1.0683785069e-01 2.1625854540e+00 5.7680288462e-01 7.6161250000e-01
1.1875478737e-01 2.1737486198e+00 5.7982815057e-01 7.6161250000e-01
1.2232952492e-01 2.1770972478e+00 5.9038744947e-01 7.6161250000e-01
1.2679601896e-01 2.1783584024e+00 6.0358087834e-01 7.6161250000e-01
1.3843935288e-01 2.1816460020e+00 5.8079395564e-01 7.6161250000e-01
1.4157188604e-01 2.1831887390e+00 5.7466334120e-01 7.6161250000e-01
1.5033732541e-01 2.1875056183e+00 5.5554269810e-01 7.6161250000e-01
1.5881660633e-01 2.1916815678e+00 5.5245659194e-01 7.6161250000e-01
1.6777064122e-01 2.2046520567e+00 5.4919769504e-01 7.3332993688e-01
1.7806062661e-01 2.2195577548e+00 5.5882369044e-01 7.0082758850e-01
1.8619485143e-01 2.2221817977e+00 5.6643303173e-01 7.0662001716e-01
2.0053390190e-01 2.2268074732e+00 5.6800074425e-01 7.1683093813e-01
2.0864832068e-01 2.2290450872e+00 5.6888790731e-01 7.2092608625e-01
2.2453938991e-01 2.2334271729e+00 5.6410747033e-01 7.2894591910e-01
2.3272298476e-01 2.2392561142e+00 5.6164563727e-01 7.4768822621e-01
2.5055875041e-01 2.2519600215e+00 5.5491943346e-01 7.8853621582e-01
2.5783494702e-01 2.2564566380e+00 5.5217544241e-01 7.9317343393e-01
2.8218211308e-01 2.2715029425e+00 5.5286167400e-01 8.0869021085e-01
2.8775037581e-01 2.2765633256e+00 5.5301861702e-01 8.1778638510e-01
3.1317074454e-01 2.2996651097e+00 5.7115033605e-01 8.5931246146e-01
3.1922198190e-01 2.3017966686e+00 5.7546653369e-01 8.6007085857e-01
3.4251937180e-01 2.3100032151e+00 6.2299537416e-01 8.6299070324e-01
3.4827909659e-01 2.3120320882e+00 6.4185505319e-01 8.6371256529e-01
3.5093639503e-01 2.3129681263e+00 6.5707740411e-01 8.6404560254e-01
3.5190271020e-01 2.3134807144e+00 6.6261294667e-01 8.5965276511e-01
3.5372863058e-01 2.3144492856e+00 6.8547024784e-01 8.5135219031e-01
3.5673695878e-01 2.3160450726e+00 5.7400696821e-01 8.3767642788e-01
3.5740894299e-01 2.3164015309e+00 7.0798639525e-01 8.3462160945e-01
3.5926343360e-01 2.3173852574e+00 7.3069148936e-01 8.2619115529e-01
3.6262579871e-01 2.3191688456e+00 7.5460899141e-01 8.1090595254e-01
3.6404652170e-01 2.3199224773e+00 7.7852649345e-01 8.0444739188e-01
3.6614593808e-01 2.3210361262e+00 8.1184199400e-01 7.9490351313e-01
3.7834589644e-01 2.3275076725e+00 8.5426262567e-01 7.3944289805e-01
3.8644150073e-01 2.3318020379e+00 8.9616012312e-01 7.0264054353e-01
3.8977388214e-01 2.3335697211e+00 9.2911307027e-01 6.8749164572e-01
3.9230354819e-01 2.3349115987e+00 9.5582147241e-01 6.7599186586e-01
3.9325625239e-01 2.3354169667e+00 9.5728018711e-01 6.7166090347e-01
4.1257118026e-01 2.3456878448e+00 9.8685386710e-01 6.5077041083e-01
4.4159271723e-01 2.3611202952e+00 9.9638036033e-01 6.1938151781e-01
4.6336163616e-01 2.3760898215e+00 1.0035261383e+00 6.4383123838e-01
4.9382160608e-01 2.3970358005e+00 9.9619106259e-01 6.7804229662e-01
4.9603633393e-01 2.3981878975e+00 9.9565773322e-01 6.7498482607e-01
5.4634718642e-01 2.4243595030e+00 9.9896430033e-01 6.0552981397e-01
5.4942099383e-01 2.4259584915e+00 9.9896430033e-01 6.0128636907e-01
6.1223187472e-01 2.4664241497e+00 9.9896430033e-01 5.9474408355e-01
6.2010400888e-01 2.4714957406e+00 9.9896430033e-01 5.9392413407e-01
6.8606167971e-01 2.4966076470e+00 9.9896430033e-01 6.3624827745e-01
6.9921202090e-01 2.5016143449e+00 9.9896430033e-01 6.4468667315e-01
7.6879471292e-01 2.5434879566e+00 9.9896430033e-01 5.4305815799e-01
7.7332524680e-01 2.5462143504e+00 9.9896430033e-01 5.3644111837e-01
8.6150462575e-01 2.6090979011e+00 9.9896430033e-01 6.8927667377e-01
8.7258193204e-01 2.6169974845e+00 9.9896430033e-01 7.0847624491e-01
9.6539454253e-01 2.6630308822e+00 9.9896430033e-01 7.1872939321e-01
9.7780767500e-01 2.6691875743e+00 9.9896430033e-01 7.2010069057e-01
1.0818126738e+00 2.7440529137e+00 9.9896430033e-01 7.3091662620e-01
1.1008382431e+00 2.7577479833e+00 9.9896430033e-01 7.3289517853e-01
1.1796860508e+00 2.8169307379e+00 9.9896430033e-01 7.4006704370e-01
1.2122698128e+00 2.8383851002e+00 9.9896430033e-01 7.4303080839e-01
1.2613077071e+00 2.8706734759e+00 9.9896430033e-01 7.4749121352e-01
1.3223305849e+00 2.9331780441e+00 9.9896430033e-01 7.5172376886e-01
1.3584589408e+00 2.9496477766e+00 9.9896430033e-01 7.5287759527e-01
1.4387345699e+00 2.9862428029e+00 9.9896430033e-01 7.5544134715e-01
1.5189702728e+00 3.0415566894e+00 9.9896430033e-01 7.5800382391e-01
1.5222771979e+00 3.0432899954e+00 9.9896430033e-01 7.5804845749e-01
1.6887011815e+00 3.1305201806e+00 9.9896430033e-01 7.6029468249e-01
1.7058505029e+00 3.1382252644e+00 9.9896430033e-01 7.6043034637e-01
1.8127526479e+00 3.1862557358e+00 9.9896430033e-01 7.6127602175e-01
1.9115611416e+00 3.2002971677e+00 9.9896430033e-01 7.5901375188e-01
1.9831761228e+00 3.2104741965e+00 9.9940010446e-01 7.5737409108e-01
2.0828962400e+00 3.1008458046e+00 1.0000069389e+00 7.5482620342e-01
2.1420786827e+00 3.0447085731e+00 1.0003670864e+00 7.5328218083e-01
2.1778032457e+00 3.0108222046e+00 1.0000067962e+00 7.5235015556e-01
2.2549601261e+00 2.9429213908e+00 9.9922865174e-01 7.5036464163e-01
2.3625608052e+00 2.8670686135e+00 9.9814347480e-01 7.4815284511e-01
2.4003946214e+00 2.8362647248e+00 9.9776191229e-01 7.4737514832e-01
2.4514746645e+00 2.7946758997e+00 9.9758509846e-01 7.4632516739e-01
2.5196469688e+00 2.7012469534e+00 9.9734911969e-01 7.4513022832e-01
2.6898612012e+00 2.6121103755e+00 9.9675992226e-01 7.3883090024e-01
3.0085518144e+00 2.4452207431e+00 9.9539686932e-01 7.2703672358e-01
3.0216724340e+00 2.4371649289e+00 9.9534075189e-01 7.2541168236e-01
3.1522724992e+00 2.3569789395e+00 9.9567182498e-01 7.0923634188e-01
3.2900664196e+00 2.2797914191e+00 9.9602113460e-01 6.9065101911e-01
3.3777252629e+00 2.2218025769e+00 9.9624335106e-01 6.7849106735e-01
3.3986961627e+00 2.2079297245e+00 9.9634235982e-01 6.7558200398e-01
3.5262471381e+00 2.1325886017e+00 9.9694455924e-01 6.6203481920e-01
3.6845846732e+00 2.0548295562e+00 9.9769210956e-01 6.4647695301e-01
3.7850493631e+00 2.0056686196e+00 9.9816642799e-01 6.3711889216e-01
3.8403371239e+00 1.9786143570e+00 9.9816642799e-01 6.3196896108e-01
4.0026734445e+00 1.9031613098e+00 9.9816642799e-01 6.1744772357e-01
4.1718719441e+00 1.8284704146e+00 9.9816642799e-01 6.0227261470e-01
4.2414931843e+00 1.7988830156e+00 9.9816642799e-01 5.9602841099e-01
4.3482226965e+00 1.7535254687e+00 9.9796578840e-01 5.8645603315e-01
4.5320280373e+00 1.6780724215e+00 9.9762025484e-01 5.7021417998e-01
4.7236030820e+00 1.6021112730e+00 9.9726011511e-01 5.5448755467e-01
4.7529801349e+00 1.5910475696e+00 9.9720488953e-01 5.5207595715e-01
4.9232762668e+00 1.5269122765e+00 9.9749057599e-01 5.3809614333e-01
5.1313899112e+00 1.4512051786e+00 9.9783970459e-01 5.1826944802e-01
5.3261479345e+00 1.3830018584e+00 9.9816642799e-01 4.9821649976e-01
5.3483008049e+00 1.3752440301e+00 9.9819959204e-01 4.9593556490e-01
5.5743808197e+00 1.2992828816e+00 9.9853804618e-01 4.7585332520e-01
5.8100175471e+00 1.2238298344e+00 9.9889080723e-01 4.6171535719e-01
5.9684347536e+00 1.1756521166e+00 9.9912796645e-01 4.5305570979e-01
6.0556149623e+00 1.1491389392e+00 9.9897463696e-01 4.4829012981e-01
6.3115941173e+00 1.0729237400e+00 9.9852442982e-01 4.3606465993e-01
6.5783938624e+00 9.9670854082e-01 9.9805519180e-01 4.1578282493e-01
6.6881757409e+00 9.6651936423e-01 9.9786211129e-01 4.0384636675e-01
6.8564715990e+00 9.2023929097e-01 9.9587701154e-01 3.8554775044e-01
7.1869256027e+00 8.3542266216e-01 9.9197920818e-01 3.4961786428e-01
7.4947111911e+00 7.5735806146e-01 9.8834878552e-01 3.1644846783e-01
7.5129120024e+00 7.5274173399e-01 9.8858925781e-01 3.1448700521e-01
7.7571566861e+00 6.7752852484e-01 9.9181626104e-01 2.8817508371e-01
8.1685415211e+00 6.1156773427e-01 9.9725154902e-01 2.4460391493e-01
8.3985077567e+00 5.5076626980e-01 1.0002899029e+00 2.3419738663e-01
8.4116448421e+00 5.4729291629e-01 1.0003247205e+00 2.3360290174e-01
8.8660778306e+00 4.8108731326e-01 1.0015291174e+00 2.5229744530e-01
9.3370041342e+00 4.0521508248e-01 1.0027772270e+00 2.4364170124e-01
9.4112942768e+00 3.9917896986e-01 1.0029741203e+00 2.4810606064e-01
1.0120591884e+01 3.4154817144e-01 1.0048620542e+00 2.9073028139e-01
1.0546213986e+01 2.9543979035e-01 1.0059949304e+00 2.6166088441e-01
1.0801552196e+01 2.6777855887e-01 9.8999553202e-01 2.4422164018e-01
1.1019901741e+01 2.5194503334e-01 9.7631382979e-01 2.4749574986e-01
1.1641569920e+01 2.0686502660e-01 9.5559236495e-01 2.5681754530e-01
1.1771258679e+01 2.0001754734e-01 9.5126957484e-01 2.5146502060e-01
1.2796360373e+01 1.4589286725e-01 9.8544056451e-01 2.0915694250e-01
1.3243141837e+01 1.3183766025e-01 1.0003336867e+00 1.9604436998e-01
1.4143096085e+01 1.0352618299e-01 9.9965423253e-01 1.6963164629e-01
1.4840148820e+01 9.1190570293e-02 9.9912796645e-01 1.5727681058e-01
1.6629740866e+01 5.9520492435e-02 1.0002301555e+00 1.2555738018e-01
1.6960196741e+01 5.3672476234e-02 1.0004453487e+00 1.1970025081e-01
1.8635142048e+01 4.7564353239e-02 1.0015360747e+00 1.0705427646e-01
1.9271638846e+01 4.5243202386e-02 9.3907359340e-01 1.0224867346e-01
1.9485801209e+01 4.4462203720e-02 9.0085569891e-01 1.0063173007e-01
1.9666790265e+01 4.3802180129e-02 8.6817120158e-01 9.9265247864e-02
1.9956217232e+01 4.2746709538e-02 8.4565982555e-01 9.7080050537e-02
2.0193489612e+01 4.1881434191e-02 8.2022597859e-01 9.5288624619e-02
2.0374016348e+01 4.1223096572e-02 7.9497454520e-01 9.3925632967e-02
2.1318343307e+01 3.7779363103e-02 7.3510018502e-01 8.6795887026e-02
2.1444135787e+01 3.6696861582e-02 7.2712440485e-01 8.6392194042e-02
2.2067561506e+01 3.1331999623e-02 7.6735764457e-01 8.4391497421e-02
2.2161741245e+01 3.0521540120e-02 7.9856629408e-01 8.4089255984e-02
2.2489805510e+01 2.7698397851e-02 8.2379788749e-01 8.3036432773e-02
2.2755873051e+01 2.5408765606e-02 8.4772329877e-01 8.2182569332e-02
2.2869719186e+01 2.4429067823e-02 8.7986446501e-01 8.1817214536e-02
2.3948094527e+01 1.5149157373e-02 9.0450771053e-01 7.8356494463e-02
2.4055498722e+01 1.5066699263e-02 9.0696213232e-01 7.8173804965e-02
2.4138638231e+01 1.5002870034e-02 8.6890599427e-01 7.8032388557e-02
2.4326754239e+01 1.4858446527e-02 8.4236160836e-01 7.7712412050e-02
2.4347746305e+01 1.4842330154e-02 8.1655201514e-01 7.7676705532e-02
2.4739383420e+01 1.4541656084e-02 7.9120166735e-01 7.7010549166e-02
2.5895000555e+01 1.3654446741e-02 7.6360757760e-01 7.5044898617e-02
2.6495345493e+01 1.3193540078e-02 7.3399805646e-01 7.4023740034e-02
2.6836025100e+01 1.2931987942e-02 7.2309379337e-01 7.3444260000e-02
2.7330979348e+01 1.2169009123e-02 7.0725160256e-01 7.3444260000e-02
2.7902659455e+01 1.1287756330e-02 6.7754902115e-01 7.3444260000e-02
2.8513114501e+01 1.0346731432e-02 6.4616361033e-01 7.3444260000e-02
2.9207837854e+01 9.2758057735e-03 6.1659655449e-01 7.3444260000e-02
2.9870260770e+01 8.2546716861e-03 5.8545971427e-01 7.3444260000e-02
3.0072214821e+01 7.9433567225e-03 5.8011908434e-01 7.3444260000e-02
3.1003800348e+01 1.0524181021e-02 5.5548351250e-01 7.3444260000e-02
3.1303456261e+01 1.1354334817e-02 5.2673753182e-01 7.3444260000e-02
3.1756719122e+01 1.2610034667e-02 5.0270368760e-01 7.3444260000e-02
3.2656728390e+01 1.5103381461e-02 4.7619604133e-01 7.3444260000e-02
3.2826174615e+01 1.5572807962e-02 4.4941284779e-01 7.3444260000e-02
3.3512797322e+01 1.7474997846e-02 4.2240921645e-01 7.3444260000e-02
3.3698660695e+01 1.7989905706e-02 4.1252569387e-01 7.3444260000e-02
3.4005871546e+01 1.8152280541e-02 3.9618936398e-01 7.3444260000e-02
3.4579513864e+01 1.8455476462e-02 3.6710938662e-01 7.3444260000e-02
3.5071044856e+01 1.8715272832e-02 3.3504570562e-01 7.3444260000e-02
3.5685607985e+01 1.9040097253e-02 3.0390693850e-01 7.3444260000e-02
3.6411327748e+01 1.9423672985e-02 2.6655968699e-01 7.3444260000e-02
3.7670940795e+01 2.0089435474e-02 2.3184073241e-01 7.3444260000e-02
3.7714289751e+01 2.0112347359e-02 2.0183669758e-01 7.3444260000e-02
3.7762424197e+01 2.0137788592e-02 1.9974244666e-01 7.3444260000e-02
3.8458901123e+01 2.0137788592e-02 1.6943987631e-01 7.3444260000e-02
3.8758617076e+01 2.0137788592e-02 1.3493994647e-01 7.3444260000e-02
3.9597263042e+01 2.0137788592e-02 1.0258401838e-01 7.3444260000e-02
4.2046007955e+01 2.0137788592e-02 8.1434321100e-02 7.3444260000e-02
4.2316242007e+01 2.0137788592e-02 8.1711973608e-02 7.3444260000e-02
4.4686599232e+01 2.0137788592e-02 8.4147401800e-02 7.3444260000e-02
4.5673803231e+01 2.0137788592e-02 1.1484948968e-01 7.3444260000e-02
4.7419210383e+01 2.0137788592e-02 1.3182193212e-01 7.3444260000e-02
4.8764702009e+01 1.9375256726e-02 1.4490557232e-01 7.3444260000e-02
5.1922756309e+01 1.7585489333e-02 1.4063458981e-01 7.3444260000e-02
5.2462978242e+01 1.7279328797e-02 1.6750044752e-01 7.3444260000e-02
5.2499192239e+01 1.7258805200e-02 2.0244902482e-01 7.3444260000e-02
5.2760010065e+01 1.7110991643e-02 2.4045784667e-01 7.3444260000e-02
5.3275231331e+01 1.6818999760e-02 2.6546524661e-01 7.3444260000e-02
5.3560342541e+01 1.6209478537e-02 2.7930374770e-01 7.3444260000e-02
5.3968435394e+01 1.5337042639e-02 3.2515940398e-01 7.3444260000e-02
5.4617810159e+01 1.3948785403e-02 3.6030698763e-01 7.3444260000e-02
5.7426924879e+01 7.9433567225e-03 3.6030698763e-01 7.3444260000e-02
