# wavelength[um] extinction_xsection[m^2/kg] ssa g
1.510000e-01 7.378350e+01 5.938186e-01 8.746421e-01
1.530000e-01 7.378903e+01 5.896917e-01 8.814314e-01
1.550000e-01 7.379459e+01 5.852695e-01 8.888668e-01
1.570000e-01 7.380018e+01 5.808883e-01 8.963313e-01
1.590000e-01 7.380600e+01 5.769164e-01 9.031856e-01
1.610000e-01 7.381232e+01 5.737635e-01 9.087400e-01
1.630000e-01 7.382064e+01 5.726730e-01 9.110748e-01
1.650000e-01 7.383194e+01 5.740341e-01 9.095530e-01
1.680000e-01 7.385316e+01 5.775831e-01 9.043759e-01
1.700000e-01 7.387404e+01 5.826769e-01 8.962716e-01
1.720000e-01 7.389855e+01 5.888298e-01 8.861187e-01
1.750000e-01 7.392775e+01 5.943572e-01 8.768180e-01
1.770000e-01 7.394678e+01 5.978436e-01 8.707759e-01
1.800000e-01 7.396582e+01 5.989088e-01 8.686235e-01
1.820000e-01 7.397557e+01 5.983805e-01 8.691702e-01
1.850000e-01 7.398897e+01 5.970516e-01 8.710102e-01
1.880000e-01 7.400419e+01 5.966232e-01 8.714450e-01
1.910000e-01 7.402221e+01 5.975223e-01 8.697775e-01
1.940000e-01 7.404123e+01 5.989912e-01 8.671504e-01
1.970000e-01 7.405977e+01 6.004355e-01 8.645026e-01
2.000000e-01 7.407580e+01 6.011030e-01 8.630137e-01
2.030000e-01 7.409129e+01 6.015025e-01 8.620532e-01
2.070000e-01 7.411168e+01 6.017139e-01 8.614307e-01
2.100000e-01 7.412541e+01 6.016678e-01 8.611829e-01
2.140000e-01 7.414207e+01 6.006934e-01 8.624371e-01
2.180000e-01 7.415908e+01 5.997445e-01 8.637306e-01
2.210000e-01 7.417068e+01 5.985608e-01 8.654771e-01
2.250000e-01 7.418714e+01 5.973638e-01 8.672332e-01
2.300000e-01 7.420803e+01 5.959139e-01 8.694078e-01
2.340000e-01 7.422387e+01 5.943859e-01 8.717665e-01
2.380000e-01 7.424019e+01 5.932131e-01 8.735433e-01
2.430000e-01 7.426214e+01 5.922726e-01 8.749564e-01
2.480000e-01 7.428488e+01 5.917740e-01 8.756521e-01
2.530000e-01 7.430795e+01 5.913660e-01 8.762223e-01
2.580000e-01 7.433002e+01 5.903094e-01 8.778975e-01
2.640000e-01 7.435556e+01 5.886287e-01 8.806058e-01
2.690000e-01 7.437582e+01 5.865618e-01 8.840084e-01
2.750000e-01 7.440138e+01 5.845682e-01 8.873303e-01
2.820000e-01 7.443593e+01 5.852506e-01 8.861217e-01
2.880000e-01 7.447737e+01 5.916208e-01 8.754238e-01
2.950000e-01 7.452780e+01 5.990508e-01 8.630982e-01
3.020000e-01 7.456937e+01 6.037129e-01 8.552499e-01
3.100000e-01 7.460446e+01 6.059793e-01 8.511144e-01
3.180000e-01 7.463238e+01 6.068164e-01 8.492517e-01
3.260000e-01 7.465464e+01 6.064016e-01 8.494335e-01
3.350000e-01 7.468008e+01 6.060468e-01 8.495672e-01
3.440000e-01 7.470653e+01 6.055215e-01 8.500815e-01
3.540000e-01 7.473585e+01 6.032207e-01 8.535663e-01
3.600000e-01 7.471762e+01 6.003664e-01 8.580793e-01
3.650000e-01 7.308982e+01 1.000000e+00 6.448291e-01
3.760000e-01 7.560152e+01 1.000000e+00 6.612549e-01
3.870000e-01 7.468985e+01 1.000000e+00 6.541167e-01
3.940000e-01 7.617648e+01 1.000000e+00 6.682192e-01
4.250000e-01 7.501737e+01 9.148808e-01 7.093953e-01
4.480000e-01 7.316784e+01 9.900629e-01 6.735848e-01
4.710000e-01 7.503898e+01 9.990409e-01 6.857847e-01
5.000000e-01 nan nan nan
5.100000e-01 7.523370e+01 9.997068e-01 7.057559e-01
5.200000e-01 7.382950e+01 9.997855e-01 7.013493e-01
5.300000e-01 7.365753e+01 9.998059e-01 6.975353e-01
5.400000e-01 7.534248e+01 9.998255e-01 6.977714e-01
5.500000e-01 7.366853e+01 9.998465e-01 7.042344e-01
5.600000e-01 7.811040e+01 9.998604e-01 7.094149e-01
5.700000e-01 7.708618e+01 9.998645e-01 7.054474e-01
5.800000e-01 7.446046e+01 9.998024e-01 6.582833e-01
5.900000e-01 7.478007e+01 9.998699e-01 6.888744e-01
6.000000e-01 7.626282e+01 1.000000e+00 6.791964e-01
6.500000e-01 7.436929e+01 1.000000e+00 6.586547e-01
7.000000e-01 7.569853e+01 9.999312e-01 6.794045e-01
7.500000e-01 7.785724e+01 9.999480e-01 7.078354e-01
8.000000e-01 7.682453e+01 9.999367e-01 6.649923e-01
8.500000e-01 7.721234e+01 9.999558e-01 7.024754e-01
9.000000e-01 7.708793e+01 9.999569e-01 7.017451e-01
9.500000e-01 7.972506e+01 9.999541e-01 7.001231e-01
1.000000e+00 7.720009e+01 9.999570e-01 6.679451e-01
1.050000e+00 7.697231e+01 9.999598e-01 6.745590e-01
1.100000e+00 7.408781e+01 9.999646e-01 7.108992e-01
1.150000e+00 7.690247e+01 9.999659e-01 7.040113e-01
1.200000e+00 7.819142e+01 9.999704e-01 7.204041e-01
1.250000e+00 7.947459e+01 9.999685e-01 6.973407e-01
1.300000e+00 7.849572e+01 9.999711e-01 7.052762e-01
1.350000e+00 8.241045e+01 9.999681e-01 6.972717e-01
1.400000e+00 7.477930e+01 9.999720e-01 6.997425e-01
1.450000e+00 7.987546e+01 9.999737e-01 7.039333e-01
1.500000e+00 7.585244e+01 9.999688e-01 6.724968e-01
1.550000e+00 7.416623e+01 9.999738e-01 6.918079e-01
1.600000e+00 8.042011e+01 9.999766e-01 7.183411e-01
1.650000e+00 7.369617e+01 9.999742e-01 6.803722e-01
1.700000e+00 7.882333e+01 9.999574e-01 6.210091e-01
1.750000e+00 8.453974e+01 9.999783e-01 7.039824e-01
1.800000e+00 7.568937e+01 9.999776e-01 6.923342e-01
1.850000e+00 7.693805e+01 9.999772e-01 6.779589e-01
1.900000e+00 7.864359e+01 9.999787e-01 7.053803e-01
1.950000e+00 8.602829e+01 9.999478e-01 6.939387e-01
2.000000e+00 nan nan nan
2.220000e+00 7.266283e+01 1.000000e+00 6.732616e-01
2.500000e+00 7.534155e+01 1.000000e+00 6.866243e-01
2.860000e+00 7.859713e+01 1.000000e+00 6.876658e-01
3.330000e+00 8.060993e+01 1.000000e+00 6.748768e-01
4.000000e+00 8.691691e+01 1.000000e+00 6.796178e-01
5.000000e+00 9.270181e+01 1.000000e+00 6.829382e-01
6.670000e+00 1.028373e+02 1.000000e+00 6.731106e-01
6.710000e+00 1.079387e+02 1.000000e+00 6.611111e-01
6.760000e+00 1.078606e+02 1.000000e+00 6.531259e-01
6.800000e+00 1.044590e+02 1.000000e+00 6.558111e-01
6.850000e+00 1.010281e+02 1.000000e+00 6.589544e-01
6.900000e+00 1.024749e+02 1.000000e+00 6.407048e-01
6.940000e+00 1.078623e+02 1.000000e+00 5.862418e-01
6.990000e+00 9.662291e+01 1.000000e+00 5.814056e-01
7.040000e+00 9.067979e+01 1.000000e+00 6.271337e-01
7.090000e+00 9.249152e+01 1.000000e+00 6.507419e-01
7.140000e+00 9.621179e+01 1.000000e+00 6.574635e-01
7.170000e+00 9.802074e+01 9.994814e-01 6.561468e-01
7.190000e+00 9.878302e+01 9.994572e-01 6.532722e-01
7.220000e+00 9.922530e+01 9.993033e-01 6.457959e-01
7.250000e+00 9.874635e+01 9.990013e-01 6.359337e-01
7.270000e+00 9.699697e+01 9.993258e-01 6.343560e-01
7.300000e+00 9.488906e+01 9.993192e-01 6.257293e-01
7.330000e+00 9.293448e+01 9.992482e-01 6.150203e-01
7.350000e+00 9.198497e+01 9.991624e-01 6.062284e-01
7.380000e+00 9.148749e+01 9.989369e-01 5.887594e-01
7.410000e+00 9.236202e+01 9.986103e-01 5.624038e-01
7.430000e+00 9.332101e+01 9.981810e-01 5.320555e-01
7.460000e+00 9.217274e+01 9.976571e-01 4.885032e-01
7.490000e+00 8.589495e+01 9.972096e-01 4.623505e-01
7.520000e+00 7.915326e+01 9.968489e-01 4.646048e-01
7.550000e+00 7.487943e+01 9.965059e-01 4.820688e-01
7.580000e+00 7.366655e+01 9.959077e-01 5.021981e-01
7.610000e+00 7.709373e+01 9.820467e-01 5.052907e-01
7.630000e+00 7.481692e+01 9.952889e-01 5.323130e-01
7.660000e+00 7.607426e+01 9.956039e-01 5.452406e-01
7.690000e+00 7.748768e+01 9.956300e-01 5.562795e-01
7.720000e+00 7.895674e+01 9.950740e-01 5.623561e-01
7.750000e+00 8.715685e+01 9.827561e-01 5.253751e-01
7.780000e+00 8.096183e+01 9.940807e-01 5.653072e-01
7.810000e+00 7.979437e+01 9.963867e-01 5.717703e-01
7.840000e+00 7.945916e+01 9.970285e-01 5.702522e-01
7.870000e+00 7.924783e+01 9.975278e-01 5.670515e-01
7.910000e+00 7.843516e+01 9.980571e-01 5.564583e-01
7.940000e+00 7.823781e+01 9.984748e-01 5.464891e-01
7.970000e+00 7.832589e+01 9.987103e-01 5.309483e-01
8.000000e+00 7.891101e+01 9.990015e-01 5.096466e-01
8.030000e+00 7.957762e+01 9.992320e-01 4.806080e-01
8.060000e+00 7.913496e+01 9.993542e-01 4.436189e-01
8.100000e+00 7.477667e+01 9.994971e-01 3.931403e-01
8.130000e+00 6.980560e+01 9.995750e-01 3.695869e-01
8.160000e+00 6.571729e+01 9.996241e-01 3.643048e-01
8.200000e+00 6.576094e+01 9.990123e-01 3.641966e-01
8.230000e+00 6.271886e+01 9.996712e-01 3.931329e-01
8.260000e+00 6.299705e+01 9.997983e-01 4.162198e-01
8.300000e+00 6.481957e+01 9.998316e-01 4.426558e-01
8.330000e+00 6.681193e+01 9.998552e-01 4.586458e-01
8.370000e+00 7.330019e+01 9.997336e-01 4.524148e-01
8.400000e+00 8.134801e+01 9.996307e-01 4.298851e-01
8.440000e+00 7.299486e+01 9.998920e-01 5.069395e-01
8.480000e+00 7.413981e+01 9.999230e-01 5.230247e-01
8.510000e+00 7.512351e+01 9.999252e-01 5.315648e-01
8.550000e+00 7.637370e+01 9.999258e-01 5.404460e-01
8.580000e+00 7.730580e+01 9.999388e-01 5.452921e-01
8.620000e+00 7.864005e+01 9.999515e-01 5.487539e-01
8.660000e+00 8.012827e+01 9.999377e-01 5.474712e-01
8.700000e+00 8.158857e+01 9.999468e-01 5.394800e-01
8.730000e+00 8.230080e+01 9.999367e-01 5.281126e-01
8.770000e+00 8.194833e+01 9.999354e-01 5.065461e-01
8.810000e+00 7.963201e+01 9.999149e-01 4.834598e-01
8.850000e+00 7.659278e+01 9.999096e-01 4.677294e-01
8.890000e+00 1.023142e+02 9.989958e-01 3.352758e-01
8.930000e+00 7.216395e+01 9.998810e-01 4.818249e-01
8.970000e+00 7.214170e+01 9.999013e-01 5.072104e-01
9.010000e+00 7.385239e+01 9.999002e-01 5.296344e-01
9.050000e+00 7.719441e+01 9.998964e-01 5.439493e-01
9.090000e+00 8.646702e+01 9.998030e-01 5.201045e-01
9.130000e+00 1.021249e+02 9.996140e-01 4.681471e-01
9.170000e+00 8.664963e+01 9.998281e-01 5.812947e-01
9.220000e+00 8.741193e+01 9.998711e-01 6.098816e-01
9.260000e+00 8.939923e+01 9.998641e-01 6.197915e-01
9.300000e+00 9.150029e+01 9.998625e-01 6.263654e-01
9.350000e+00 9.406772e+01 9.998377e-01 6.322137e-01
9.390000e+00 9.603970e+01 9.998156e-01 6.355687e-01
9.430000e+00 9.791796e+01 9.997857e-01 6.377799e-01
9.480000e+00 1.000431e+02 9.997381e-01 6.385245e-01
9.520000e+00 1.014028e+02 9.997171e-01 6.369696e-01
9.570000e+00 1.023273e+02 9.996653e-01 6.317455e-01
9.610000e+00 1.022643e+02 9.996246e-01 6.248332e-01
9.660000e+00 1.025811e+02 9.994601e-01 6.079766e-01
9.710000e+00 1.171937e+02 9.985021e-01 5.046281e-01
9.760000e+00 9.623530e+01 9.996926e-01 6.115366e-01
9.800000e+00 9.488366e+01 9.997740e-01 6.266289e-01
9.850000e+00 9.556398e+01 9.998279e-01 6.412962e-01
9.900000e+00 9.891987e+01 9.997965e-01 6.468841e-01
9.950000e+00 1.086422e+02 9.997156e-01 6.185566e-01
1.000000e+01 1.298978e+02 9.995589e-01 5.416138e-01
1.010000e+01 1.081456e+02 9.996448e-01 6.984801e-01
1.010000e+01 1.081462e+02 9.995847e-01 6.984924e-01
1.010000e+01 1.081972e+02 9.995581e-01 7.015255e-01
1.020000e+01 1.097872e+02 9.997039e-01 7.273828e-01
1.030000e+01 1.127389e+02 9.996685e-01 7.293845e-01
1.030000e+01 1.127376e+02 9.996248e-01 7.293947e-01
1.040000e+01 1.151210e+02 9.995852e-01 7.235064e-01
1.040000e+01 1.151166e+02 9.994454e-01 7.235423e-01
1.050000e+01 1.165141e+02 9.990344e-01 7.120105e-01
1.050000e+01 1.164962e+02 9.982967e-01 7.122109e-01
1.060000e+01 1.179104e+02 9.954912e-01 6.873794e-01
1.060000e+01 1.179308e+02 9.934725e-01 6.878895e-01
1.070000e+01 1.319173e+02 9.823697e-01 5.691144e-01
1.080000e+01 1.076329e+02 9.955331e-01 6.552642e-01
1.080000e+01 1.078756e+02 9.971592e-01 6.540791e-01
1.090000e+01 1.070138e+02 9.979259e-01 6.504793e-01
1.090000e+01 1.070162e+02 9.978294e-01 6.505121e-01
1.100000e+01 1.173988e+02 9.955993e-01 6.118364e-01
1.110000e+01 1.333190e+02 9.938108e-01 5.597750e-01
1.110000e+01 1.333714e+02 9.944355e-01 5.593021e-01
1.120000e+01 1.147580e+02 9.959640e-01 6.689814e-01
1.120000e+01 1.147621e+02 9.943824e-01 6.694574e-01
1.130000e+01 1.088957e+02 9.936078e-01 7.278156e-01
1.140000e+01 1.076404e+02 9.918020e-01 7.481123e-01
1.140000e+01 1.076183e+02 9.901544e-01 7.483691e-01
1.150000e+01 9.491369e+01 5.449955e-01 7.761273e-01
1.160000e+01 1.062780e+02 9.867710e-01 7.432483e-01
1.160000e+01 1.060594e+02 9.830729e-01 7.429262e-01
1.170000e+01 1.058973e+02 9.723512e-01 7.252056e-01
1.180000e+01 1.104001e+02 9.451701e-01 6.818019e-01
1.180000e+01 1.104281e+02 9.332086e-01 6.852073e-01
1.190000e+01 1.252336e+02 9.164538e-01 5.689032e-01
1.200000e+01 1.013870e+02 9.596083e-01 5.996792e-01
1.210000e+01 9.258436e+01 9.779550e-01 5.995578e-01
1.210000e+01 9.239976e+01 9.837491e-01 5.978284e-01
1.220000e+01 9.153475e+01 9.880769e-01 5.651285e-01
1.230000e+01 9.675624e+01 9.900277e-01 5.158007e-01
1.240000e+01 1.069316e+02 9.920762e-01 4.589051e-01
1.240000e+01 1.070266e+02 9.951336e-01 4.572336e-01
1.250000e+01 1.087660e+02 9.967698e-01 4.367866e-01
1.260000e+01 9.691985e+01 9.979479e-01 4.773048e-01
1.270000e+01 8.700562e+01 9.986477e-01 5.316141e-01
1.270000e+01 8.699797e+01 9.990595e-01 5.314963e-01
1.280000e+01 8.137889e+01 9.994492e-01 5.729532e-01
1.290000e+01 7.861594e+01 9.996319e-01 5.978614e-01
1.300000e+01 7.702121e+01 9.996677e-01 6.100158e-01
1.310000e+01 7.630243e+01 9.996321e-01 6.095497e-01
1.320000e+01 7.710599e+01 9.995643e-01 5.926910e-01
1.320000e+01 7.710805e+01 9.994349e-01 5.897538e-01
1.330000e+01 8.277666e+01 9.991092e-01 5.386521e-01
1.340000e+01 1.006183e+02 9.984273e-01 4.178755e-01
1.350000e+01 9.522834e+01 9.978022e-01 3.289198e-01
1.360000e+01 7.128058e+01 9.976704e-01 3.649815e-01
1.370000e+01 6.415772e+01 9.971937e-01 3.719692e-01
1.380000e+01 6.285965e+01 9.960483e-01 3.517703e-01
1.390000e+01 6.487304e+01 9.920210e-01 3.223548e-01
1.400000e+01 6.913892e+01 9.893671e-01 2.915822e-01
1.410000e+01 7.450010e+01 9.895382e-01 2.606408e-01
1.420000e+01 7.816312e+01 9.917629e-01 2.343607e-01
1.430000e+01 7.761665e+01 9.928881e-01 2.152367e-01
1.440000e+01 7.315623e+01 1.000000e+00 2.021283e-01
1.450000e+01 6.790580e+01 9.943592e-01 2.029713e-01
1.460000e+01 6.335267e+01 9.926086e-01 2.092949e-01
1.470000e+01 6.023594e+01 9.911460e-01 2.204448e-01
1.480000e+01 5.863307e+01 9.893745e-01 2.347967e-01
1.490000e+01 5.864891e+01 9.858197e-01 2.498613e-01
1.500000e+01 6.000921e+01 9.826082e-01 2.629586e-01
1.510000e+01 6.301823e+01 9.802235e-01 2.720861e-01
1.530000e+01 7.692608e+01 9.791701e-01 2.599752e-01
1.540000e+01 8.728536e+01 9.846498e-01 2.271870e-01
1.550000e+01 9.389787e+01 9.891138e-01 1.796115e-01
1.560000e+01 8.989791e+01 9.906716e-01 1.291548e-01
1.580000e+01 6.517010e+01 9.916240e-01 9.092718e-02
1.590000e+01 6.033713e+01 9.907332e-01 1.060664e-01
1.600000e+01 5.842885e+01 9.891354e-01 1.295745e-01
1.610000e+01 5.896375e+01 9.889949e-01 1.545564e-01
1.630000e+01 6.405666e+01 9.916554e-01 1.939137e-01
1.640000e+01 6.777952e+01 9.938904e-01 2.091533e-01
1.650000e+01 7.134500e+01 9.946665e-01 2.194663e-01
1.670000e+01 7.727938e+01 9.948816e-01 2.320629e-01
1.680000e+01 7.914755e+01 9.939497e-01 2.359201e-01
1.700000e+01 8.060343e+01 9.918921e-01 2.424352e-01
1.710000e+01 8.074276e+01 9.910251e-01 2.482898e-01
1.720000e+01 8.058984e+01 9.930649e-01 2.526667e-01
