# wavelength[um] extinction_xsection[m^2/kg] ssa g
1.510000e-01 7.841735e+02 5.778115e-01 8.743001e-01
1.530000e-01 7.843326e+02 5.735355e-01 8.807875e-01
1.550000e-01 7.845030e+02 5.689396e-01 8.879118e-01
1.570000e-01 7.846663e+02 5.643548e-01 8.950714e-01
1.590000e-01 7.848209e+02 5.601508e-01 9.016471e-01
1.610000e-01 7.849721e+02 5.567508e-01 9.069710e-01
1.630000e-01 7.851863e+02 5.554458e-01 9.091935e-01
1.650000e-01 7.855682e+02 5.566639e-01 9.076993e-01
1.680000e-01 7.865398e+02 5.600042e-01 9.026581e-01
1.700000e-01 7.877224e+02 5.649454e-01 8.948312e-01
1.720000e-01 7.891812e+02 5.708612e-01 8.850424e-01
1.750000e-01 7.907787e+02 5.759907e-01 8.760442e-01
1.770000e-01 7.917736e+02 5.791870e-01 8.701866e-01
1.800000e-01 7.926041e+02 5.799080e-01 8.680154e-01
1.820000e-01 7.929597e+02 5.791778e-01 8.684585e-01
1.850000e-01 7.934342e+02 5.775650e-01 8.701102e-01
1.880000e-01 7.940349e+02 5.768425e-01 8.704213e-01
1.910000e-01 7.948161e+02 5.774325e-01 8.687249e-01
1.940000e-01 7.956483e+02 5.785878e-01 8.661056e-01
1.970000e-01 7.964333e+02 5.797250e-01 8.634578e-01
2.000000e-01 7.970474e+02 5.801093e-01 8.619029e-01
2.030000e-01 7.976428e+02 5.802347e-01 8.608617e-01
2.070000e-01 7.984467e+02 5.800852e-01 8.601184e-01
2.100000e-01 7.989408e+02 5.797871e-01 8.597517e-01
2.140000e-01 7.995444e+02 5.784859e-01 8.607920e-01
2.180000e-01 8.001898e+02 5.772053e-01 8.618794e-01
2.210000e-01 8.006250e+02 5.757780e-01 8.634385e-01
2.250000e-01 8.012695e+02 5.742477e-01 8.649747e-01
2.300000e-01 8.021110e+02 5.723738e-01 8.668819e-01
2.340000e-01 8.027573e+02 5.705050e-01 8.690024e-01
2.380000e-01 8.034289e+02 5.689919e-01 8.705633e-01
2.430000e-01 8.043498e+02 5.676154e-01 8.717476e-01
2.480000e-01 8.053054e+02 5.666818e-01 8.722434e-01
2.530000e-01 8.062803e+02 5.658352e-01 8.726219e-01
2.580000e-01 8.072307e+02 5.643269e-01 8.740666e-01
2.640000e-01 8.083459e+02 5.620943e-01 8.764719e-01
2.690000e-01 8.092538e+02 5.595429e-01 8.795838e-01
2.750000e-01 8.103865e+02 5.569557e-01 8.825927e-01
2.820000e-01 8.118291e+02 5.570298e-01 8.811970e-01
2.880000e-01 8.134314e+02 5.630145e-01 8.707073e-01
2.950000e-01 8.154086e+02 5.699594e-01 8.586539e-01
3.020000e-01 8.169896e+02 5.741437e-01 8.508707e-01
3.100000e-01 8.182224e+02 5.759095e-01 8.465508e-01
3.180000e-01 8.191437e+02 5.762815e-01 8.443748e-01
3.260000e-01 8.198786e+02 5.754151e-01 8.441405e-01
3.350000e-01 8.207765e+02 5.745453e-01 8.438224e-01
3.440000e-01 8.217891e+02 5.734778e-01 8.438899e-01
3.540000e-01 8.231312e+02 5.704860e-01 8.468018e-01
3.600000e-01 8.261659e+02 6.212226e-01 8.050323e-01
3.650000e-01 7.962538e+02 1.000000e+00 5.725962e-01
3.760000e-01 8.930239e+02 1.000000e+00 6.491109e-01
3.870000e-01 7.883537e+02 1.000000e+00 4.974823e-01
3.940000e-01 7.792307e+02 1.000000e+00 5.746841e-01
4.250000e-01 8.570573e+02 9.811478e-01 5.478864e-01
4.480000e-01 8.380480e+02 9.990333e-01 6.348148e-01
4.710000e-01 9.337882e+02 9.998710e-01 6.146969e-01
5.000000e-01 nan nan nan
5.100000e-01 8.453347e+02 9.999677e-01 6.345286e-01
5.200000e-01 8.252361e+02 9.999738e-01 6.166575e-01
5.300000e-01 9.694037e+02 9.999829e-01 6.648631e-01
5.400000e-01 1.058133e+03 9.998825e-01 5.454502e-01
5.500000e-01 9.475572e+02 9.999843e-01 6.813919e-01
5.600000e-01 9.196630e+02 9.999856e-01 6.454295e-01
5.700000e-01 7.801770e+02 9.999822e-01 5.935646e-01
5.800000e-01 7.981812e+02 9.999858e-01 6.486553e-01
5.900000e-01 7.717194e+02 9.999785e-01 5.593602e-01
6.000000e-01 6.739510e+02 1.000000e+00 4.893579e-01
6.500000e-01 8.840968e+02 1.000000e+00 6.037860e-01
7.000000e-01 1.007337e+03 9.999946e-01 6.714623e-01
7.500000e-01 9.842628e+02 9.999946e-01 6.385199e-01
8.000000e-01 8.386473e+02 9.999943e-01 5.749598e-01
8.500000e-01 9.073731e+02 9.999567e-01 3.591535e-01
9.000000e-01 7.415284e+02 9.999775e-01 4.045357e-01
9.500000e-01 9.360402e+02 9.999963e-01 6.127492e-01
1.000000e+00 9.486559e+02 9.999948e-01 6.221516e-01
1.050000e+00 1.147621e+03 9.999972e-01 7.155428e-01
1.100000e+00 1.076333e+03 9.999958e-01 6.408614e-01
1.150000e+00 1.091584e+03 9.999972e-01 7.507969e-01
1.200000e+00 1.326484e+03 9.999882e-01 5.013764e-01
1.250000e+00 1.121281e+03 9.999948e-01 4.454107e-01
1.300000e+00 8.035528e+02 9.999963e-01 6.145640e-01
1.350000e+00 1.035163e+03 9.999904e-01 4.336414e-01
1.400000e+00 6.664816e+02 9.999940e-01 3.402599e-01
1.450000e+00 7.529677e+02 9.999949e-01 2.098739e-01
1.500000e+00 5.723628e+02 9.999948e-01 2.536639e-01
1.550000e+00 8.598720e+02 9.999923e-01 2.355858e-01
1.600000e+00 5.848250e+02 9.999934e-01 1.147645e-01
1.650000e+00 6.831140e+02 9.999951e-01 2.010511e-01
1.700000e+00 7.918565e+02 9.999961e-01 2.234148e-01
1.750000e+00 7.886328e+02 9.999964e-01 2.514895e-01
1.800000e+00 9.478480e+02 9.999961e-01 2.953507e-01
1.850000e+00 1.222510e+03 9.999955e-01 2.225064e-01
1.900000e+00 9.465577e+02 9.999964e-01 2.100543e-01
1.950000e+00 9.590925e+02 9.999972e-01 3.220166e-01
2.000000e+00 nan nan nan
2.220000e+00 1.758263e+03 1.000000e+00 4.821126e-01
2.500000e+00 1.472398e+03 1.000000e+00 4.976830e-01
2.860000e+00 2.002129e+03 1.000000e+00 5.895843e-01
3.330000e+00 1.314513e+03 1.000000e+00 4.694354e-01
4.000000e+00 1.415558e+03 1.000000e+00 5.048801e-01
5.000000e+00 5.864694e+02 1.000000e+00 4.724057e-01
6.670000e+00 1.997362e+02 1.000000e+00 2.253993e-01
6.710000e+00 1.947809e+02 1.000000e+00 2.221010e-01
6.760000e+00 1.892353e+02 1.000000e+00 2.182859e-01
6.800000e+00 1.849278e+02 1.000000e+00 2.153152e-01
6.850000e+00 1.796997e+02 1.000000e+00 2.116997e-01
6.900000e+00 1.746396e+02 1.000000e+00 2.081884e-01
6.940000e+00 1.707088e+02 1.000000e+00 2.054514e-01
6.990000e+00 1.659372e+02 1.000000e+00 2.021168e-01
7.040000e+00 1.613184e+02 1.000000e+00 1.988746e-01
7.090000e+00 1.565496e+02 1.000000e+00 1.955903e-01
7.140000e+00 1.522300e+02 1.000000e+00 1.925249e-01
7.170000e+00 1.497281e+02 9.998301e-01 1.907267e-01
7.190000e+00 1.480723e+02 9.998224e-01 1.895428e-01
7.220000e+00 1.456280e+02 9.998130e-01 1.877903e-01
7.250000e+00 1.432317e+02 9.997960e-01 1.860655e-01
7.270000e+00 1.416596e+02 9.997845e-01 1.849306e-01
7.300000e+00 1.393389e+02 9.997699e-01 1.832502e-01
7.330000e+00 1.370633e+02 9.997487e-01 1.815958e-01
7.350000e+00 1.355714e+02 9.997261e-01 1.805069e-01
7.380000e+00 1.333719e+02 9.996709e-01 1.788945e-01
7.410000e+00 1.312155e+02 9.996047e-01 1.773065e-01
7.430000e+00 1.295621e+02 9.995234e-01 1.761485e-01
7.460000e+00 1.274800e+02 9.994367e-01 1.746012e-01
7.490000e+00 1.254387e+02 9.993375e-01 1.730769e-01
7.520000e+00 1.234387e+02 9.992145e-01 1.715751e-01
7.550000e+00 1.212516e+02 9.990752e-01 1.699878e-01
7.580000e+00 1.191072e+02 9.989521e-01 1.684244e-01
7.610000e+00 1.172311e+02 9.987779e-01 1.669894e-01
7.630000e+00 1.157851e+02 9.986470e-01 1.659404e-01
7.660000e+00 1.141697e+02 9.985996e-01 1.646422e-01
7.690000e+00 1.123690e+02 9.985813e-01 1.632597e-01
7.720000e+00 1.106000e+02 9.985824e-01 1.618964e-01
7.750000e+00 1.090652e+02 9.985931e-01 1.606513e-01
7.780000e+00 1.075534e+02 9.986305e-01 1.594225e-01
7.810000e+00 1.058613e+02 9.987663e-01 1.581119e-01
7.840000e+00 1.043899e+02 9.989336e-01 1.569153e-01
7.870000e+00 1.031322e+02 9.991050e-01 1.558299e-01
7.910000e+00 1.009918e+02 9.993074e-01 1.541520e-01
7.940000e+00 9.960250e+01 9.994678e-01 1.530065e-01
7.970000e+00 9.806306e+01 9.995656e-01 1.517833e-01
8.000000e+00 9.655055e+01 9.996791e-01 1.505762e-01
8.030000e+00 9.506824e+01 9.997670e-01 1.493850e-01
8.060000e+00 9.361665e+01 9.998158e-01 1.482094e-01
8.100000e+00 9.172381e+01 9.998650e-01 1.466655e-01
8.130000e+00 9.033557e+01 9.998879e-01 1.455249e-01
8.160000e+00 8.897323e+01 9.999031e-01 1.443989e-01
8.200000e+00 8.719554e+01 9.999183e-01 1.429196e-01
8.230000e+00 8.589063e+01 9.999267e-01 1.418264e-01
8.260000e+00 8.460897e+01 9.999385e-01 1.407467e-01
8.300000e+00 8.293670e+01 9.999440e-01 1.393280e-01
8.330000e+00 8.170832e+01 9.999530e-01 1.382792e-01
8.370000e+00 8.010542e+01 9.999545e-01 1.369006e-01
8.400000e+00 7.892788e+01 9.999603e-01 1.358813e-01
8.440000e+00 7.739095e+01 9.999597e-01 1.345413e-01
8.480000e+00 7.588977e+01 9.999656e-01 1.332226e-01
8.510000e+00 7.478744e+01 9.999650e-01 1.322472e-01
8.550000e+00 7.334780e+01 9.999644e-01 1.309647e-01
8.580000e+00 7.228972e+01 9.999705e-01 1.300158e-01
8.620000e+00 7.090785e+01 9.999769e-01 1.287679e-01
8.660000e+00 6.955889e+01 9.999711e-01 1.275392e-01
8.700000e+00 6.824041e+01 9.999762e-01 1.263292e-01
8.730000e+00 6.727202e+01 9.999728e-01 1.254338e-01
8.770000e+00 6.600647e+01 9.999738e-01 1.242557e-01
8.810000e+00 6.477036e+01 9.999678e-01 1.230952e-01
8.850000e+00 6.356185e+01 9.999717e-01 1.219520e-01
8.890000e+00 6.238172e+01 9.999613e-01 1.208257e-01
8.930000e+00 6.122785e+01 9.999593e-01 1.197159e-01
8.970000e+00 6.009998e+01 9.999582e-01 1.186223e-01
9.010000e+00 5.899761e+01 9.999553e-01 1.175446e-01
9.050000e+00 5.791974e+01 9.999565e-01 1.164823e-01
9.090000e+00 5.686650e+01 9.999482e-01 1.154353e-01
9.130000e+00 5.583703e+01 9.999339e-01 1.144031e-01
9.170000e+00 5.483031e+01 9.999214e-01 1.133855e-01
9.220000e+00 5.360268e+01 9.999145e-01 1.121335e-01
9.260000e+00 5.264539e+01 9.998989e-01 1.111476e-01
9.300000e+00 5.170871e+01 9.998908e-01 1.101754e-01
9.350000e+00 5.056735e+01 9.998650e-01 1.089789e-01
9.390000e+00 4.967660e+01 9.998440e-01 1.080364e-01
9.430000e+00 4.880536e+01 9.998185e-01 1.071066e-01
9.480000e+00 4.774288e+01 9.997825e-01 1.059621e-01
9.520000e+00 4.691254e+01 9.997728e-01 1.050602e-01
9.570000e+00 4.590007e+01 9.997494e-01 1.039498e-01
9.610000e+00 4.510883e+01 9.997457e-01 1.030746e-01
9.660000e+00 4.414278e+01 9.997544e-01 1.019968e-01
9.710000e+00 4.320100e+01 9.997914e-01 1.009365e-01
9.760000e+00 4.228414e+01 9.998237e-01 9.989333e-02
9.800000e+00 4.156810e+01 9.998459e-01 9.907091e-02
9.850000e+00 4.069392e+01 9.998762e-01 9.805767e-02
9.900000e+00 3.984418e+01 9.998618e-01 9.706057e-02
9.950000e+00 3.901611e+01 9.998529e-01 9.607918e-02
1.000000e+01 3.820930e+01 9.998438e-01 9.511316e-02
1.010000e+01 3.666217e+01 9.996796e-01 9.322603e-02
1.010000e+01 3.666414e+01 9.996254e-01 9.322608e-02
1.010000e+01 3.660263e+01 9.995912e-01 9.317486e-02
1.020000e+01 3.512800e+01 9.996340e-01 9.134626e-02
1.030000e+01 3.373078e+01 9.995468e-01 8.957284e-02
1.030000e+01 3.373278e+01 9.994871e-01 8.957287e-02
1.040000e+01 3.240322e+01 9.994237e-01 8.785220e-02
1.040000e+01 3.240946e+01 9.992295e-01 8.785232e-02
1.050000e+01 3.115693e+01 9.987565e-01 8.618247e-02
1.050000e+01 3.118632e+01 9.978069e-01 8.618302e-02
1.060000e+01 3.003623e+01 9.958758e-01 8.456241e-02
1.060000e+01 3.009184e+01 9.940199e-01 8.456340e-02
1.070000e+01 2.894338e+01 9.938165e-01 8.298832e-02
1.080000e+01 2.775303e+01 9.953846e-01 8.141308e-02
1.080000e+01 2.775246e+01 9.971002e-01 8.145636e-02
1.090000e+01 2.669035e+01 9.977482e-01 7.996876e-02
1.090000e+01 2.669313e+01 9.976433e-01 7.996880e-02
1.100000e+01 2.574004e+01 9.959787e-01 7.852350e-02
1.110000e+01 2.481038e+01 9.951004e-01 7.711756e-02
1.110000e+01 2.479799e+01 9.956007e-01 7.711737e-02
1.120000e+01 2.390025e+01 9.951599e-01 7.574951e-02
1.120000e+01 2.394571e+01 9.932592e-01 7.575018e-02
1.130000e+01 2.315076e+01 9.900588e-01 7.442000e-02
1.140000e+01 2.241292e+01 9.858447e-01 7.312547e-02
1.140000e+01 2.247692e+01 9.830223e-01 7.312635e-02
1.150000e+01 4.158061e+02 1.291612e-01 5.541882e-02
1.160000e+01 2.099772e+01 9.772491e-01 7.059960e-02
1.160000e+01 2.109454e+01 9.711155e-01 7.056357e-02
1.170000e+01 2.062041e+01 9.586005e-01 6.937100e-02
1.180000e+01 2.026705e+01 9.413873e-01 6.820991e-02
1.180000e+01 2.056808e+01 9.275517e-01 6.821347e-02
1.190000e+01 1.953129e+01 9.448165e-01 6.710875e-02
1.200000e+01 1.861696e+01 9.590395e-01 6.603267e-02
1.210000e+01 1.776138e+01 9.712718e-01 6.494934e-02
1.210000e+01 1.762491e+01 9.788207e-01 6.494784e-02
1.220000e+01 1.694719e+01 9.838267e-01 6.389300e-02
1.230000e+01 1.633485e+01 9.867547e-01 6.286442e-02
1.240000e+01 1.574741e+01 9.897994e-01 6.186080e-02
1.240000e+01 1.568515e+01 9.937415e-01 6.186017e-02
1.250000e+01 1.514230e+01 9.956846e-01 6.088094e-02
1.260000e+01 1.463316e+01 9.968875e-01 5.992515e-02
1.270000e+01 1.415088e+01 9.976752e-01 5.899201e-02
1.270000e+01 1.414088e+01 9.983828e-01 5.899192e-02
1.280000e+01 1.365879e+01 9.989773e-01 5.805004e-02
1.290000e+01 1.322182e+01 9.993002e-01 5.716047e-02
1.300000e+01 1.280526e+01 9.993794e-01 5.629142e-02
1.310000e+01 1.240629e+01 9.993540e-01 5.544222e-02
1.320000e+01 1.202284e+01 9.993228e-01 5.461226e-02
1.320000e+01 1.200556e+01 9.991323e-01 5.458358e-02
1.330000e+01 1.163959e+01 9.989135e-01 5.377273e-02
1.340000e+01 1.128836e+01 9.986207e-01 5.297995e-02
1.350000e+01 1.095244e+01 9.981374e-01 5.220473e-02
1.360000e+01 1.061493e+01 9.973597e-01 5.141957e-02
1.370000e+01 1.031029e+01 9.962592e-01 5.067830e-02
1.380000e+01 1.002547e+01 9.942865e-01 4.995311e-02
1.390000e+01 9.795678e+00 9.877572e-01 4.924375e-02
1.400000e+01 9.559721e+00 9.826658e-01 4.854937e-02
1.410000e+01 9.277289e+00 9.817313e-01 4.784438e-02
1.420000e+01 8.970074e+00 9.846390e-01 4.715418e-02
1.430000e+01 8.688527e+00 9.860026e-01 4.647865e-02
1.440000e+01 8.311397e+00 1.000000e+00 4.581669e-02
1.450000e+01 8.175251e+00 9.881015e-01 4.519330e-02
1.460000e+01 7.979375e+00 9.841374e-01 4.458222e-02
1.470000e+01 7.784757e+00 9.808201e-01 4.398347e-02
1.480000e+01 7.588203e+00 9.769886e-01 4.337418e-02
1.490000e+01 7.436125e+00 9.697541e-01 4.279960e-02
1.500000e+01 7.290221e+00 9.639017e-01 4.225830e-02
1.510000e+01 7.129849e+00 9.605941e-01 4.172740e-02
1.530000e+01 6.756589e+00 9.634457e-01 4.069573e-02
1.540000e+01 6.522084e+00 9.748745e-01 4.021519e-02
1.550000e+01 6.328358e+00 9.830692e-01 3.976441e-02
1.560000e+01 6.176730e+00 9.856412e-01 3.932208e-02
1.580000e+01 5.875558e+00 9.849601e-01 3.836177e-02
1.590000e+01 5.761073e+00 9.819544e-01 3.792455e-02
1.600000e+01 5.643901e+00 9.769018e-01 3.745635e-02
1.610000e+01 5.506841e+00 9.744433e-01 3.697752e-02
1.630000e+01 5.212745e+00 9.771176e-01 3.606493e-02
1.640000e+01 5.052149e+00 9.817022e-01 3.561182e-02
1.650000e+01 4.922574e+00 9.827773e-01 3.518530e-02
1.670000e+01 4.693604e+00 9.811279e-01 3.435501e-02
1.680000e+01 4.602201e+00 9.764671e-01 3.395092e-02
1.700000e+01 4.433826e+00 9.656549e-01 3.316386e-02
1.710000e+01 4.345429e+00 9.604483e-01 3.276360e-02
1.720000e+01 4.209053e+00 9.682182e-01 3.238694e-02
