Wavelength(nm)      SolarFlux(mW/m^2/nm)
1.00000000e+00      1.08303826e-02      
1.37500000e+00      8.66398820e-03      
2.12500000e+00      3.10319796e-02      
2.87500000e+00      3.72559063e-02      
3.62500000e+00      2.73357683e-02      
4.12500000e+00      3.41425343e-02      
4.37500000e+00      3.75459173e-02      
4.62500000e+00      3.75459173e-02      
4.87500000e+00      3.75459173e-02      
5.12500000e+00      6.40621678e-02      
5.37500000e+00      6.40621678e-02      
5.62500000e+00      6.40621678e-02      
5.87500000e+00      6.40621678e-02      
6.12500000e+00      5.65640703e-02      
6.37500000e+00      5.65640703e-02      
6.62500000e+00      5.65640703e-02      
6.87500000e+00      5.65640703e-02      
7.12500000e+00      5.89421493e-02      
7.37500000e+00      5.89421493e-02      
7.62500000e+00      5.89421493e-02      
7.87500000e+00      5.89421493e-02      
8.12500000e+00      3.56557288e-02      
8.37500000e+00      3.56557288e-02      
8.62500000e+00      3.56557288e-02      
8.87500000e+00      3.56557288e-02      
9.12500000e+00      3.97223608e-02      
9.37500000e+00      3.97223608e-02      
9.62500000e+00      3.97223608e-02      
9.87500000e+00      3.97223608e-02      
1.01250000e+01      1.36954149e-02      
1.03750000e+01      1.36954149e-02      
1.06250000e+01      1.36954149e-02      
1.08750000e+01      1.36954149e-02      
1.11250000e+01      9.74297455e-03      
1.13750000e+01      9.74297455e-03      
1.16250000e+01      9.74297455e-03      
1.18750000e+01      9.74297455e-03      
1.21000000e+01      6.27639839e-03      
1.23000001e+01      6.05973764e-03      
1.25000001e+01      6.05973764e-03      
1.27000002e+01      6.05973764e-03      
1.31125002e+01      5.85090330e-03      
1.37375002e+01      6.80502571e-03      
1.43625002e+01      1.83071481e-02      
1.49875002e+01      2.00026994e-02      
1.55875002e+01      2.19194071e-02      
1.61625003e+01      2.79213315e-02      
1.67375003e+01      3.39629950e-02      
1.73125004e+01      1.30199924e-01      
1.79625003e+01      9.91536569e-02      
1.86875002e+01      6.46248920e-02      
1.94125001e+01      6.59708470e-02      
2.01375000e+01      4.26514424e-02      
2.08250000e+01      3.00908832e-02      
2.14750001e+01      2.43570189e-02      
2.21250002e+01      3.10021031e-02      
2.27750003e+01      2.97313437e-02      
2.35875003e+01      1.90344624e-02      
2.45625002e+01      4.35750568e-02      
2.55375001e+01      6.80125188e-02      
2.65125000e+01      2.29242531e-02      
2.71250000e+01      3.28295358e-02      
2.73750000e+01      4.00108648e-02      
2.76250000e+01      4.00108648e-02      
2.78750000e+01      5.97776711e-02      
2.82500000e+01      1.38844896e-01      
2.87500000e+01      1.38844896e-01      
2.92500000e+01      1.38005650e-02      
2.97500000e+01      1.38005650e-02      
3.02500000e+01      4.37096665e-01      
3.07500000e+01      4.37096665e-01      
3.12500000e+01      5.60460245e-02      
3.17500000e+01      5.60460245e-02      
3.22500000e+01      7.72654100e-02      
3.27500000e+01      7.72654100e-02      
3.32500000e+01      7.53255768e-02      
3.37500000e+01      7.53255768e-02      
3.42500000e+01      3.19709882e-02      
3.47500000e+01      3.19709882e-02      
3.52500000e+01      2.73046164e-02      
3.57500000e+01      2.73046164e-02      
3.61250000e+01      1.04075038e-01      
3.63750000e+01      1.23267644e-01      
3.66250000e+01      1.23267644e-01      
3.68750000e+01      8.41830283e-02      
3.73750000e+01      6.01379801e-03      
3.81250000e+01      3.71116708e-03      
3.88750000e+01      2.54852190e-03      
3.96250000e+01      2.52586249e-03      
4.03750000e+01      4.20527518e-03      
4.11250000e+01      6.86239764e-03      
4.18750000e+01      6.13103296e-03      
4.26250000e+01      2.01118113e-03      
4.33750000e+01      4.65420297e-03      
4.41250000e+01      2.75998962e-03      
4.48750000e+01      1.87982945e-03      
4.56250000e+01      2.01372247e-03      
4.62500000e+01      6.64738169e-03      
4.67500000e+01      7.22658909e-03      
4.72500000e+01      2.84869501e-03      
4.77500000e+01      2.84869501e-03      
4.82500000e+01      4.70915544e-03      
4.87500000e+01      4.70915544e-03      
4.92500000e+01      1.66436610e-02      
4.97500000e+01      1.66436610e-02      
5.02500000e+01      6.73177933e-03      
5.07500000e+01      6.73177933e-03      
5.12500000e+01      2.29011703e-03      
5.17500000e+01      2.29011703e-03      
5.22500000e+01      4.00572073e-03      
5.27500000e+01      4.00572073e-03      
5.32500000e+01      2.93061932e-03      
5.37500000e+01      2.93061932e-03      
5.42500000e+01      1.87520018e-03      
5.47500000e+01      1.87520018e-03      
5.52500000e+01      8.33539840e-03      
5.57500000e+01      8.33539840e-03      
5.62500000e+01      2.52281881e-03      
5.67500000e+01      2.52281881e-03      
5.72500000e+01      2.49508255e-03      
5.77500000e+01      2.49508255e-03      
5.82500000e+01      1.40294474e-02      
5.87500000e+01      1.40294474e-02      
5.92500000e+01      2.90636111e-03      
5.97500000e+01      2.90636111e-03      
6.02500000e+01      1.18672855e-02      
6.07500000e+01      1.18672855e-02      
6.12500000e+01      3.58221600e-03      
6.17500000e+01      3.58221600e-03      
6.21250000e+01      1.30700542e-02      
6.23750000e+01      1.54420138e-02      
6.26250000e+01      1.54420138e-02      
6.28750000e+01      9.66118266e-03      
6.36250000e+01      3.12998638e-03      
6.48750000e+01      8.02932156e-04      
6.61250000e+01      6.39377351e-04      
6.73750000e+01      6.14953202e-04      
6.83750000e+01      1.90047111e-03      
6.91250000e+01      1.74267535e-03      
6.98750000e+01      2.38385881e-03      
7.06250000e+01      4.03786240e-03      
7.13750000e+01      1.75608918e-03      
7.21250000e+01      1.46271206e-03      
7.28750000e+01      1.44470452e-03      
7.36250000e+01      1.70206659e-03      
7.43750000e+01      2.08206884e-03      
7.51250000e+01      2.79195556e-03      
7.58750000e+01      4.72248956e-03      
7.66250000e+01      7.87367085e-03      
7.71250000e+01      7.42624736e-03      
7.73750000e+01      7.20253562e-03      
7.76250000e+01      7.20253562e-03      
7.78750000e+01      7.20253562e-03      
7.81250000e+01      9.96266417e-03      
7.83750000e+01      9.96266417e-03      
7.86250000e+01      9.96266417e-03      
7.88750000e+01      9.96266417e-03      
7.91250000e+01      4.62202171e-03      
7.93750000e+01      4.62202171e-03      
7.96250000e+01      4.62202171e-03      
7.98750000e+01      4.66523527e-03      
8.03750000e+01      4.75166239e-03      
8.11250000e+01      5.15694776e-03      
8.18750000e+01      6.19404539e-03      
8.26250000e+01      7.86295528e-03      
8.30749998e+01      1.05503120e-02      
8.32249994e+01      1.32376773e-02      
8.33749990e+01      1.32376773e-02      
8.35249987e+01      1.32376773e-02      
8.38999987e+01      1.17544319e-02      
8.44999990e+01      9.62224465e-03      
8.50999994e+01      1.02984002e-02      
8.56999998e+01      1.06364796e-02      
8.60625000e+01      1.09220280e-02      
8.61875000e+01      1.11932992e-02      
8.63125000e+01      1.11932992e-02      
8.64375000e+01      1.11932992e-02      
8.65625000e+01      1.11932992e-02      
8.66875000e+01      1.11932992e-02      
8.68125000e+01      1.11932992e-02      
8.69375000e+01      1.11932992e-02      
8.70625000e+01      1.32251355e-02      
8.71875000e+01      1.32251355e-02      
8.73125000e+01      1.32251355e-02      
8.74375000e+01      1.32251355e-02      
8.75625000e+01      1.32251355e-02      
8.76875000e+01      1.32251355e-02      
8.78125000e+01      1.32251355e-02      
8.79375000e+01      1.32251355e-02      
8.80625000e+01      1.50044123e-02      
8.81875000e+01      1.50044123e-02      
8.83125000e+01      1.50044123e-02      
8.84375000e+01      1.50044123e-02      
8.85625000e+01      1.50044123e-02      
8.86875000e+01      1.50044123e-02      
8.88125000e+01      1.50044123e-02      
8.89375000e+01      1.50044123e-02      
8.90625000e+01      1.81161291e-02      
8.91875000e+01      1.81161291e-02      
8.93125000e+01      1.81161291e-02      
8.94375000e+01      1.81161291e-02      
8.95625000e+01      1.81161291e-02      
8.96875000e+01      1.81161291e-02      
8.98125000e+01      1.81161291e-02      
8.99375000e+01      1.81161291e-02      
9.00625000e+01      2.11786453e-02      
9.01875000e+01      2.11786453e-02      
9.03125000e+01      2.11786453e-02      
9.04375000e+01      2.11786453e-02      
9.05749998e+01      2.11786453e-02      
9.07249994e+01      2.11786453e-02      
9.08749990e+01      2.11786453e-02      
9.10249987e+01      1.79273586e-02      
9.11499987e+01      1.60694096e-02      
9.12499990e+01      1.60694096e-02      
9.13499994e+01      1.60694096e-02      
9.14499998e+01      1.60694096e-02      
9.15625000e+01      1.60694096e-02      
9.16875000e+01      1.60694096e-02      
9.18125000e+01      1.60694096e-02      
9.19375000e+01      1.60694096e-02      
9.20375004e+01      7.17727088e-03      
9.21125011e+01      5.69528545e-03      
9.21875019e+01      5.69528545e-03      
9.22625027e+01      5.69528545e-03      
9.23500023e+01      5.69528545e-03      
9.24500008e+01      5.69528545e-03      
9.25499992e+01      5.69528545e-03      
9.26499977e+01      5.69528545e-03      
9.27374973e+01      5.69528545e-03      
9.28124981e+01      5.69528545e-03      
9.28874989e+01      5.69528545e-03      
9.29624996e+01      5.69528545e-03      
9.30375004e+01      4.94802914e-03      
9.31125011e+01      4.94802914e-03      
9.31875019e+01      4.94802914e-03      
9.32625027e+01      4.94802914e-03      
9.33625031e+01      4.94802914e-03      
9.34875031e+01      4.94802914e-03      
9.36125031e+01      4.94802914e-03      
9.37375031e+01      4.94802914e-03      
9.38500023e+01      4.94802914e-03      
9.39500008e+01      4.94802914e-03      
9.40499992e+01      3.50240189e-03      
9.41499977e+01      3.50240189e-03      
9.42749977e+01      3.50240189e-03      
9.44249992e+01      3.50240189e-03      
9.45750008e+01      3.50240189e-03      
9.47250023e+01      3.50240189e-03      
9.48375025e+01      3.50240189e-03      
9.49125013e+01      3.50240189e-03      
9.49875002e+01      3.00186227e-03      
9.50624990e+01      2.00078303e-03      
9.51374989e+01      2.00078303e-03      
9.52124996e+01      2.00078303e-03      
9.52875004e+01      2.00078303e-03      
9.53625011e+01      2.00078303e-03      
9.54250011e+01      2.00078303e-03      
9.54750004e+01      2.00078303e-03      
9.55249996e+01      2.00078303e-03      
9.55749989e+01      2.00078303e-03      
9.56124983e+01      2.00078303e-03      
9.56374979e+01      2.00078303e-03      
9.56624975e+01      2.00078303e-03      
9.56874971e+01      2.00078303e-03      
9.57499971e+01      2.00078303e-03      
9.58499975e+01      2.00078303e-03      
9.59499979e+01      2.00078303e-03      
9.60499983e+01      2.06524955e-03      
9.61624985e+01      2.06525070e-03      
9.62874985e+01      2.06525070e-03      
9.64124985e+01      2.06525070e-03      
9.65374985e+01      2.06525070e-03      
9.66124983e+01      2.06525070e-03      
9.66374979e+01      2.06525070e-03      
9.66624975e+01      2.06525070e-03      
9.66874971e+01      2.06525070e-03      
9.67499971e+01      2.06525070e-03      
9.68499975e+01      2.06525070e-03      
9.69499979e+01      2.06525070e-03      
9.70499983e+01      4.42679683e-02      
9.71499987e+01      4.42687732e-02      
9.72499990e+01      4.42687732e-02      
9.73499994e+01      4.42687732e-02      
9.74499998e+01      4.42687732e-02      
9.75625000e+01      4.42687732e-02      
9.76875000e+01      4.42687732e-02      
9.78125000e+01      4.42687732e-02      
9.79375000e+01      4.42687732e-02      
9.80625000e+01      4.14471010e-03      
9.81875000e+01      4.14471010e-03      
9.83125000e+01      4.14471010e-03      
9.84375000e+01      4.14471010e-03      
9.85124998e+01      4.14471010e-03      
9.85374994e+01      4.14471010e-03      
9.85624990e+01      4.14471010e-03      
9.85874987e+01      4.14471010e-03      
9.86249990e+01      4.14471010e-03      
9.86750002e+01      4.14471010e-03      
9.87250013e+01      4.14471010e-03      
9.87750025e+01      4.14471010e-03      
9.88375025e+01      4.14471010e-03      
9.89125013e+01      4.14471010e-03      
9.89875002e+01      4.87912846e-03      
9.90624990e+01      6.34796516e-03      
9.91249990e+01      6.34796516e-03      
9.91750002e+01      6.34796516e-03      
9.92250013e+01      6.34796516e-03      
9.92750025e+01      6.34796516e-03      
9.93875029e+01      6.34796516e-03      
9.95625025e+01      6.34796516e-03      
9.97375021e+01      6.34796516e-03      
9.99125017e+01      4.91415801e-03      
1.00300001e+02      2.55265401e-03      
1.00900002e+02      2.67790538e-03      
1.01500002e+02      2.92840529e-03      
1.02100002e+02      3.59912824e-02      
1.02475001e+02      5.89912560e-02      
1.02625001e+02      5.89912560e-02      
1.02775001e+02      5.89912560e-02      
1.02925000e+02      5.89912560e-02      
1.03062500e+02      4.48681621e-02      
1.03187500e+02      4.41620181e-02      
1.03312500e+02      4.41620181e-02      
1.03437500e+02      4.41620181e-02      
1.03625000e+02      4.41620181e-02      
1.03875000e+02      4.41620181e-02      
1.04125000e+02      3.95309159e-03      
1.04375000e+02      3.95309159e-03      
1.04650000e+02      3.95309159e-03      
1.04949999e+02      3.74289454e-03      
1.05249998e+02      3.32249242e-03      
1.05549997e+02      3.32249242e-03      
1.05862497e+02      3.30816451e-03      
1.06187498e+02      3.13979460e-03      
1.06512499e+02      3.13979460e-03      
1.06837500e+02      3.13979460e-03      
1.07125000e+02      3.29591570e-03      
1.07375000e+02      3.30762490e-03      
1.07625000e+02      3.30762490e-03      
1.07875000e+02      3.30762490e-03      
1.08125000e+02      5.50739877e-03      
1.08375000e+02      5.50739877e-03      
1.08625000e+02      5.50739877e-03      
1.08875000e+02      5.50739877e-03      
1.09125000e+02      3.67864160e-03      
1.09375000e+02      3.67864160e-03      
1.09625000e+02      3.67864160e-03      
1.09875000e+02      3.67864160e-03      
1.10125000e+02      3.89386483e-03      
1.10375000e+02      3.89386483e-03      
1.10625000e+02      3.89386483e-03      
1.10875000e+02      3.89386483e-03      
1.11013889e+02      3.76504539e-03      
1.11041667e+02      3.50740867e-03      
1.11069445e+02      3.50740867e-03      
1.11097223e+02      3.50740867e-03      
1.11222223e+02      3.50740867e-03      
1.11444445e+02      3.50740867e-03      
1.11666667e+02      3.50740867e-03      
1.11888889e+02      3.51762722e-03      
1.12125000e+02      3.84461812e-03      
1.12375000e+02      3.84461812e-03      
1.12625000e+02      3.84461812e-03      
1.12875000e+02      3.84461812e-03      
1.13125000e+02      2.94072091e-03      
1.13375000e+02      2.94072091e-03      
1.13625000e+02      2.94072091e-03      
1.13875000e+02      2.94072091e-03      
1.14125000e+02      1.97513410e-03      
1.14375000e+02      1.97513410e-03      
1.14625000e+02      1.97513410e-03      
1.14875000e+02      1.97513410e-03      
1.15087500e+02      3.10064531e-03      
1.15262499e+02      3.22123755e-03      
1.15437498e+02      3.22123755e-03      
1.15612497e+02      3.22123755e-03      
1.15774998e+02      3.22123755e-03      
1.15924999e+02      3.22123755e-03      
1.16075001e+02      3.61520848e-03      
1.16225002e+02      3.61520848e-03      
1.16387503e+02      3.61520848e-03      
1.16562502e+02      3.61520848e-03      
1.16737501e+02      3.61520848e-03      
1.16912500e+02      3.61520848e-03      
1.17075000e+02      2.66490131e-02      
1.17224999e+02      2.76087428e-02      
1.17374999e+02      2.76087428e-02      
1.17524999e+02      2.76087428e-02      
1.17687499e+02      2.76087428e-02      
1.17862500e+02      2.76087428e-02      
1.18037501e+02      1.07521139e-02      
1.18212502e+02      4.00966808e-03      
1.18387503e+02      4.00966808e-03      
1.18562502e+02      4.00966808e-03      
1.18737501e+02      4.00966808e-03      
1.18912500e+02      4.33154246e-03      
1.19100000e+02      1.33434357e-02      
1.19300001e+02      1.33434357e-02      
1.19500002e+02      1.33434357e-02      
1.19700003e+02      1.29814208e-02      
1.19887503e+02      1.44835705e-02      
1.20062502e+02      1.44590527e-02      
1.20237501e+02      1.30370565e-02      
1.20412500e+02      4.45365070e-02      
1.20587500e+02      1.56442245e-01      
1.20762499e+02      9.18962426e-02      
1.20937498e+02      3.04775404e-02      
1.21112497e+02      6.20232859e-02      
1.21299997e+02      1.55831723e+00      
1.21499998e+02      6.43059488e+00      
1.21699999e+02      4.24848358e+00      
1.21900000e+02      4.38405546e-01      
1.22087500e+02      4.19326028e-02      
1.22262499e+02      1.96509981e-02      
1.22437498e+02      1.28871480e-02      
1.22612497e+02      9.95382031e-03      
1.22799997e+02      9.25867513e-03      
1.22999998e+02      8.06664685e-03      
1.23199999e+02      7.14338820e-03      
1.23400000e+02      6.87394513e-03      
1.23587500e+02      7.85997209e-03      
1.23762499e+02      1.41000536e-02      
1.23937498e+02      1.50317002e-02      
1.24112497e+02      1.12440141e-02      
1.24299997e+02      1.06672668e-02      
1.24499998e+02      6.46097527e-03      
1.24699999e+02      5.28525284e-03      
1.24900000e+02      5.26527718e-03      
1.25100000e+02      5.44219599e-03      
1.25300001e+02      6.46889963e-03      
1.25500002e+02      6.96145622e-03      
1.25700003e+02      7.64375911e-03      
1.25900002e+02      1.18313704e-02      
1.26100001e+02      1.12681615e-02      
1.26300000e+02      1.11442477e-02      
1.26499999e+02      1.79741931e-02      
1.26699999e+02      9.18300329e-03      
1.26900000e+02      4.17188206e-03      
1.27100000e+02      3.90524078e-03      
1.27300001e+02      4.42966289e-03      
1.27500001e+02      6.34110035e-03      
1.27700000e+02      7.01674613e-03      
1.27899999e+02      6.51431731e-03      
1.28099998e+02      5.03541246e-03      
1.28299997e+02      3.47383748e-03      
1.28499998e+02      3.31304499e-03      
1.28699999e+02      4.79556232e-03      
1.28900000e+02      5.92131496e-03      
1.29112499e+02      4.28444359e-03      
1.29337498e+02      4.28431877e-03      
1.29562496e+02      5.86318984e-03      
1.29787495e+02      6.73510617e-03      
1.29999994e+02      1.82907037e-02      
1.30199995e+02      4.53208358e-02      
1.30399996e+02      8.61418450e-02      
1.30599997e+02      6.37363426e-02      
1.30812498e+02      2.04645629e-02      
1.31037500e+02      1.04007646e-02      
1.31262503e+02      6.38129280e-03      
1.31487505e+02      5.55543275e-03      
1.31700005e+02      6.76451368e-03      
1.31900002e+02      6.20242493e-03      
1.32099998e+02      4.40643220e-03      
1.32299995e+02      4.68788352e-03      
1.32512495e+02      4.73912637e-03      
1.32737497e+02      5.76141383e-03      
1.32962500e+02      6.90471693e-03      
1.33187502e+02      2.01337020e-02      
1.33412502e+02      1.48669489e-01      
1.33637501e+02      1.10714060e-01      
1.33862499e+02      1.02043154e-02      
1.34087498e+02      4.46121948e-03      
1.34312498e+02      4.55376846e-03      
1.34537500e+02      4.61003438e-03      
1.34762503e+02      4.94677751e-03      
1.34987505e+02      7.39872471e-03      
1.35212505e+02      8.97973055e-03      
1.35437504e+02      1.10584487e-02      
1.35662502e+02      1.22684464e-02      
1.35887501e+02      9.51408305e-03      
1.36125000e+02      7.19271211e-03      
1.36375000e+02      6.66856391e-03      
1.36625000e+02      6.13450588e-03      
1.36875000e+02      6.97606973e-03      
1.37112499e+02      7.89917257e-03      
1.37337498e+02      7.06056262e-03      
1.37562496e+02      6.20474130e-03      
1.37787495e+02      6.55206257e-03      
1.38024994e+02      7.31327904e-03      
1.38274994e+02      6.90178605e-03      
1.38524994e+02      6.82381313e-03      
1.38774994e+02      7.33074842e-03      
1.39137495e+02      2.44724857e-02      
1.39612497e+02      2.14435261e-02      
1.40087500e+02      2.92059849e-02      
1.40562502e+02      1.52512689e-02      
1.41050003e+02      1.01782690e-02      
1.41550003e+02      1.00781628e-02      
1.42050003e+02      1.00746699e-02      
1.42550003e+02      1.23017558e-02      
1.42807146e+02      1.04403466e-02      
1.42821433e+02      1.00862332e-02      
1.42835719e+02      1.00476659e-02      
1.42850006e+02      1.03297679e-02      
1.43112505e+02      1.28271612e-02      
1.43623216e+02      1.20591527e-02      
1.44133927e+02      1.14447829e-02      
1.44644638e+02      1.20109708e-02      
1.45162495e+02      1.20067430e-02      
1.45687496e+02      1.29174965e-02      
1.46212498e+02      1.40012895e-02      
1.46737499e+02      1.65480841e-02      
1.47275000e+02      2.17957261e-02      
1.47824999e+02      1.61935049e-02      
1.48374998e+02      1.96717243e-02      
1.48924997e+02      1.69538751e-02      
1.49487497e+02      1.68761237e-02      
1.50062498e+02      1.81834953e-02      
1.50637499e+02      1.83967013e-02      
1.51212500e+02      1.98799708e-02      
1.51787500e+02      1.91541921e-02      
1.52362501e+02      2.39026066e-02      
1.52937502e+02      2.68011639e-02      
1.53512503e+02      2.92010226e-02      
1.54100002e+02      2.46837421e-02      
1.54700001e+02      9.03121078e-02      
1.55299999e+02      6.33923990e-02      
1.55899998e+02      4.21009087e-02      
1.56512497e+02      3.15161055e-02      
1.57137497e+02      3.44061922e-02      
1.57762497e+02      3.07486567e-02      
1.58387497e+02      2.95229138e-02      
1.59024998e+02      3.09501685e-02      
1.59674999e+02      2.90926313e-02      
1.60325001e+02      3.16443127e-02      
1.60975002e+02      3.62666181e-02      
1.61625002e+02      3.55951365e-02      
1.62275000e+02      4.04283683e-02      
1.62924997e+02      4.10381628e-02      
1.63574995e+02      5.51378874e-02      
1.64245829e+02      1.16855165e-01      
1.64937498e+02      4.02390963e-02      
1.65629167e+02      1.22698016e-01      
1.66320837e+02      5.02390056e-02      
1.66670837e+02      4.66015555e-02      
1.66679169e+02      4.60329215e-02      
1.66687500e+02      4.60329215e-02      
1.66695831e+02      4.75203394e-02      
1.67049997e+02      5.70069705e-02      
1.67749998e+02      5.03951794e-02      
1.68449999e+02      5.65231544e-02      
1.69150000e+02      6.71206402e-02      
1.69862499e+02      7.84675066e-02      
1.70587498e+02      8.08302155e-02      
1.71312496e+02      7.93826662e-02      
1.72037495e+02      8.57364121e-02      
1.72587494e+02      8.77892150e-02      
1.72962494e+02      8.05351804e-02      
1.73337494e+02      8.29449483e-02      
1.73712494e+02      8.79303888e-02      
1.74087494e+02      9.72860310e-02      
1.74462494e+02      1.04783026e-01      
1.74837494e+02      1.01648878e-01      
1.75212494e+02      1.15631230e-01      
1.75599995e+02      1.25345929e-01      
1.75999996e+02      1.31038312e-01      
1.76399998e+02      1.24785907e-01      
1.76799999e+02      1.39541161e-01      
1.77200001e+02      1.63468986e-01      
1.77600002e+02      1.45628900e-01      
1.78000004e+02      1.65599967e-01      
1.78400005e+02      1.67724196e-01      
1.78800005e+02      1.75076139e-01      
1.79200003e+02      1.69889159e-01      
1.79600000e+02      1.59477809e-01      
1.79999998e+02      1.78330830e-01      
1.80399998e+02      1.91636339e-01      
1.80799999e+02      2.33179243e-01      
1.81200001e+02      1.95025400e-01      
1.81600002e+02      2.96097696e-01      
1.82012503e+02      2.49465099e-01      
1.82437502e+02      2.45446900e-01      
1.82862501e+02      2.27193584e-01      
1.83287500e+02      2.45227803e-01      
1.83712500e+02      2.51542486e-01      
1.84137499e+02      2.24643837e-01      
1.84562498e+02      2.12040340e-01      
1.84987497e+02      2.01909908e-01      
1.85412497e+02      2.46043768e-01      
1.85837496e+02      2.53600696e-01      
1.86262495e+02      2.57824643e-01      
1.86687494e+02      2.82319884e-01      
1.87124994e+02      3.19677923e-01      
1.87574995e+02      3.09472212e-01      
1.88024996e+02      2.97015482e-01      
1.88474997e+02      3.34378896e-01      
1.88924997e+02      3.54237708e-01      
1.89374998e+02      3.79967270e-01      
1.89824999e+02      3.43287614e-01      
1.90275000e+02      3.64868384e-01      
1.90725000e+02      3.90760503e-01      
1.91175001e+02      3.91822374e-01      
1.91625002e+02      4.20737934e-01      
1.92075003e+02      4.43094048e-01      
1.92537502e+02      4.29508534e-01      
1.93012501e+02      3.61824473e-01      
1.93487499e+02      2.99564379e-01      
1.93962498e+02      4.34989795e-01      
1.94437498e+02      5.34985526e-01      
1.94912500e+02      5.37307899e-01      
1.95387503e+02      5.07153067e-01      
1.95862505e+02      5.25876098e-01      
1.96337505e+02      5.33664152e-01      
1.96812504e+02      6.18372504e-01      
1.97287502e+02      5.77770011e-01      
1.97762501e+02      5.58745883e-01      
1.98250000e+02      5.87354571e-01      
1.98750000e+02      5.35997991e-01      
1.99250000e+02      5.92856406e-01      
1.99750000e+02      5.94127105e-01      
2.00000000e+02      6.03564004e-01      
2.00000001e+02      6.04057996e-01      
2.00000002e+02      6.04057996e-01      
2.00000003e+02      6.05452204e-01      
2.00250003e+02      6.27026016e-01      
2.00750002e+02      6.43633544e-01      
2.01250001e+02      6.66889922e-01      
2.01750000e+02      6.89350499e-01      
2.02262501e+02      6.80457004e-01      
2.02787502e+02      6.74289301e-01      
2.03312504e+02      7.24555001e-01      
2.03837505e+02      7.35797152e-01      
2.04362505e+02      7.93545402e-01      
2.04887503e+02      8.05938391e-01      
2.05412500e+02      8.06778732e-01      
2.05937498e+02      7.92007829e-01      
2.06462498e+02      8.02670654e-01      
2.06987499e+02      8.52187446e-01      
2.07512501e+02      9.01831832e-01      
2.08037502e+02      9.01263732e-01      
2.08575003e+02      9.89908003e-01      
2.09125002e+02      1.15911497e+00      
2.09675001e+02      1.35770906e+00      
2.10225000e+02      1.52541468e+00      
2.10787500e+02      1.67359290e+00      
2.11362501e+02      1.80816720e+00      
2.11937502e+02      2.06689149e+00      
2.12512503e+02      1.54532895e+00      
2.13087503e+02      1.67509825e+00      
2.13662504e+02      1.79393907e+00      
2.14237505e+02      2.25696494e+00      
2.14812506e+02      2.12883525e+00      
2.15387505e+02      2.03539257e+00      
2.15962502e+02      1.76525129e+00      
2.16537498e+02      1.73357947e+00      
2.17112495e+02      1.73823489e+00      
2.17724995e+02      1.90768943e+00      
2.18374996e+02      2.56303227e+00      
2.19024998e+02      2.35551839e+00      
2.19674999e+02      2.66854043e+00      
2.20275000e+02      2.75971534e+00      
2.20824999e+02      2.34164437e+00      
2.21374998e+02      2.10241654e+00      
2.21924997e+02      2.33334194e+00      
2.22512497e+02      2.76815408e+00      
2.23137497e+02      3.30621052e+00      
2.23762497e+02      3.77472827e+00      
2.24387497e+02      3.30473605e+00      
2.25024998e+02      3.28545271e+00      
2.25674999e+02      2.86832183e+00      
2.26325001e+02      2.32643513e+00      
2.26975002e+02      1.85786303e+00      
2.27625002e+02      2.20290238e+00      
2.28275000e+02      2.97350011e+00      
2.28924997e+02      2.76687016e+00      
2.29574995e+02      2.66936038e+00      
2.30237495e+02      2.68997019e+00      
2.30912498e+02      3.06626156e+00      
2.31587502e+02      2.87831504e+00      
2.32262505e+02      3.10805544e+00      
2.32937506e+02      2.86020752e+00      
2.33612505e+02      2.67416134e+00      
2.34287504e+02      2.37074797e+00      
2.34962503e+02      2.62029647e+00      
2.35587884e+02      3.29851751e+00      
2.36163647e+02      2.96652866e+00      
2.36739410e+02      2.94375142e+00      
2.37315172e+02      3.22071089e+00      
2.37665173e+02      3.02802424e+00      
2.37789411e+02      3.34607561e+00      
2.37913649e+02      2.92223879e+00      
2.38037887e+02      2.46000829e+00      
2.38462505e+02      2.63974397e+00      
2.39187504e+02      2.97429524e+00      
2.39912502e+02      2.62196622e+00      
2.40637501e+02      2.51996742e+00      
2.41362499e+02      2.78897668e+00      
2.42087498e+02      4.03497457e+00      
2.42812496e+02      4.23160345e+00      
2.43537495e+02      3.91154885e+00      
2.44274994e+02      3.88832969e+00      
2.45024994e+02      3.20414467e+00      
2.45774994e+02      2.96619062e+00      
2.46524994e+02      2.90751842e+00      
2.47287495e+02      3.27454963e+00      
2.48062496e+02      2.91295120e+00      
2.48837498e+02      2.45134788e+00      
2.49612499e+02      3.42362442e+00      
2.50400000e+02      3.45817051e+00      
2.51199999e+02      3.12161461e+00      
2.51999998e+02      2.54067905e+00      
2.52799997e+02      2.62049631e+00      
2.53599997e+02      3.28501527e+00      
2.54399996e+02      3.60813493e+00      
2.55199995e+02      4.45748877e+00      
2.55999994e+02      5.47361453e+00      
2.56812496e+02      7.21776904e+00      
2.57637501e+02      8.00463692e+00      
2.58462505e+02      8.27710192e+00      
2.59287510e+02      7.85797603e+00      
2.60137512e+02      5.97345278e+00      
2.61012512e+02      5.42795412e+00      
2.61887512e+02      6.71821065e+00      
2.62762512e+02      6.92740969e+00      
2.63637512e+02      1.20862597e+01      
2.64512512e+02      1.68221180e+01      
2.65387512e+02      1.71632418e+01      
2.66262512e+02      1.72742135e+01      
2.67150009e+02      1.68087646e+01      
2.68050003e+02      1.71078296e+01      
2.68949997e+02      1.63489662e+01      
2.69849991e+02      1.67820504e+01      
2.70762489e+02      1.79633651e+01      
2.71687492e+02      1.40263641e+01      
2.72612495e+02      1.29439674e+01      
2.73537498e+02      1.34191438e+01      
2.74125601e+02      9.85173595e+00      
2.74376802e+02      8.47328773e+00      
2.74628003e+02      9.14844611e+00      
2.74879204e+02      8.75746982e+00      
2.75354202e+02      1.15451536e+01      
2.76052998e+02      1.51638374e+01      
2.76751794e+02      1.71015214e+01      
2.77450590e+02      1.63629787e+01      
2.78287491e+02      1.16956914e+01      
2.79262497e+02      7.18162286e+00      
2.80237503e+02      5.70556053e+00      
2.81212509e+02      1.17040931e+01      
2.82113240e+02      1.78629811e+01      
2.82939697e+02      2.01435741e+01      
2.83766153e+02      1.92090900e+01      
2.84592609e+02      1.49051825e+01      
2.85092609e+02      9.05749779e+00      
2.85266153e+02      6.73838731e+00      
2.85439697e+02      7.49415888e+00      
2.85613240e+02      1.11174101e+01      
2.86225010e+02      1.86300185e+01      
2.87275005e+02      2.23248776e+01      
2.88325001e+02      2.03861944e+01      
2.89374996e+02      3.06072398e+01      
2.90424995e+02      4.17046882e+01      
2.91474998e+02      4.04714971e+01      
2.92525002e+02      3.58932741e+01      
2.93575005e+02      3.73985560e+01      
2.94650005e+02      3.50925965e+01      
2.95750004e+02      3.86314965e+01      
2.96850002e+02      3.19951360e+01      
2.97950001e+02      3.51397038e+01      
2.99062500e+02      3.23869371e+01      
3.00187500e+02      2.94402722e+01      
3.01312500e+02      3.10927238e+01      
3.02437500e+02      3.21893706e+01      
3.03513304e+02      4.27789425e+01      
3.04539913e+02      4.11302848e+01      
3.05566522e+02      4.07429902e+01      
3.06593131e+02      3.93216724e+01      
3.07180632e+02      4.35331528e+01      
3.07329027e+02      4.39082710e+01      
3.07477421e+02      4.44616245e+01      
3.07625815e+02      4.34050966e+01      
3.08300011e+02      4.35482996e+01      
3.09500008e+02      3.52993621e+01      
3.10700005e+02      4.75879515e+01      
3.11900002e+02      4.90211063e+01      
3.13125000e+02      4.81106511e+01      
3.14375000e+02      4.79601741e+01      
3.15625000e+02      4.38280856e+01      
3.16875000e+02      5.09630230e+01      
3.18125000e+02      4.88750988e+01      
3.19375000e+02      4.99626006e+01      
3.20625000e+02      5.54505205e+01      
3.21875000e+02      4.94288955e+01      
3.23125000e+02      4.55025757e+01      
3.24375000e+02      5.38519453e+01      
3.25625000e+02      6.49488093e+01      
3.26875000e+02      7.04058359e+01      
3.27713409e+02      6.90256251e+01      
3.28140227e+02      6.65391967e+01      
3.28567045e+02      6.63848741e+01      
3.28993862e+02      7.10798568e+01      
3.29618862e+02      7.88159104e+01      
3.30442045e+02      7.33473051e+01      
3.31265227e+02      6.92740523e+01      
3.32088409e+02      6.91402228e+01      
3.33125000e+02      6.72684659e+01      
3.34375000e+02      6.84733489e+01      
3.35625000e+02      6.52382003e+01      
3.36875000e+02      5.67190186e+01      
3.37962972e+02      6.27887447e+01      
3.38888917e+02      6.68398916e+01      
3.39814862e+02      7.04849185e+01      
3.40740807e+02      6.92596751e+01      
3.41365807e+02      6.48065716e+01      
3.41689862e+02      6.37959859e+01      
3.42013917e+02      7.08716278e+01      
3.42337972e+02      6.92860807e+01      
3.42812500e+02      7.21231636e+01      
3.43437500e+02      7.05441195e+01      
3.44062500e+02      5.65761616e+01      
3.44687500e+02      6.19443511e+01      
3.46250000e+02      6.64260558e+01      
3.48750000e+02      6.45288044e+01      
3.51250000e+02      7.26859430e+01      
3.53750000e+02      7.49256729e+01      
3.56250000e+02      6.76387414e+01      
3.58750000e+02      6.00352093e+01      
3.61250000e+02      6.76299736e+01      
3.63750000e+02      7.43182278e+01      
3.66250000e+02      8.81246435e+01      
3.68750000e+02      8.55579195e+01      
3.71250000e+02      8.23746799e+01      
3.73750000e+02      6.65902400e+01      
3.76250000e+02      7.76260587e+01      
3.78750000e+02      8.68673350e+01      
3.81250000e+02      7.48192679e+01      
3.83750000e+02      5.16937053e+01      
3.85625050e+02      6.68568098e+01      
3.86875151e+02      6.79190094e+01      
3.88125252e+02      6.87521927e+01      
3.89375353e+02      7.89233143e+01      
3.90625353e+02      8.71018574e+01      
3.91875252e+02      8.60803993e+01      
3.93125151e+02      5.03706573e+01      
3.94375050e+02      7.13296144e+01      
3.96250000e+02      6.79915417e+01      
3.98750000e+02      1.04192093e+02      
4.01250000e+02      1.22975833e+02      
4.03750000e+02      1.21120922e+02      
4.06250000e+02      1.16319812e+02      
4.08750000e+02      1.20912444e+02      
4.11250000e+02      1.22112986e+02      
4.13750000e+02      1.24419913e+02      
4.16250000e+02      1.24933357e+02      
4.18750000e+02      1.21796616e+02      
4.21250000e+02      1.25413981e+02      
4.23750000e+02      1.21070905e+02      
4.26250000e+02      1.20117051e+02      
4.28750000e+02      1.12782942e+02      
4.31250000e+02      1.03272253e+02      
4.33750000e+02      1.17403299e+02      
4.36250000e+02      1.28850081e+02      
4.38750000e+02      1.24576131e+02      
4.41250000e+02      1.34945055e+02      
4.43750000e+02      1.40888510e+02      
4.45625561e+02      1.35543634e+02      
4.46876683e+02      1.41729612e+02      
4.48127805e+02      1.46575019e+02      
4.49378927e+02      1.47010834e+02      
4.50628927e+02      1.56022140e+02      
4.51877805e+02      1.53559549e+02      
4.53126683e+02      1.38907787e+02      
4.54375561e+02      1.50339984e+02      
4.56250000e+02      1.52327944e+02      
4.58750000e+02      1.50715146e+02      
4.61250000e+02      1.51933800e+02      
4.63750000e+02      1.51487414e+02      
4.66250000e+02      1.47098493e+02      
4.68750000e+02      1.48715357e+02      
4.71250000e+02      1.46498996e+02      
4.73750000e+02      1.51308605e+02      
4.76250000e+02      1.50911857e+02      
4.78750000e+02      1.53452368e+02      
4.81250000e+02      1.53603354e+02      
4.83750000e+02      1.50303255e+02      
4.86250000e+02      1.31035714e+02      
4.88750000e+02      1.43811234e+02      
4.91250000e+02      1.44338362e+02      
4.93750000e+02      1.45552029e+02      
4.96250000e+02      1.47199847e+02      
4.98750000e+02      1.43461593e+02      
5.01250000e+02      1.35605547e+02      
5.03750000e+02      1.41059950e+02      
5.06250000e+02      1.44001394e+02      
5.08750000e+02      1.36719842e+02      
5.11250000e+02      1.41918340e+02      
5.13750000e+02      1.34189205e+02      
5.16250000e+02      1.26222136e+02      
5.18750000e+02      1.26275581e+02      
5.21250000e+02      1.36658752e+02      
5.23750000e+02      1.35724433e+02      
5.26250000e+02      1.31929026e+02      
5.28750000e+02      1.38867106e+02      
5.31250000e+02      1.41684502e+02      
5.33750000e+02      1.34232079e+02      
5.35626888e+02      1.41482446e+02      
5.36880663e+02      1.37067460e+02      
5.38134438e+02      1.39707347e+02      
5.39388214e+02      1.37059375e+02      
5.40638214e+02      1.31154598e+02      
5.41884438e+02      1.37356078e+02      
5.43130663e+02      1.35166017e+02      
5.44376888e+02      1.39405977e+02      
5.45563869e+02      1.40042457e+02      
5.46691608e+02      1.40464767e+02      
5.47819347e+02      1.37161343e+02      
5.48947086e+02      1.38752933e+02      
5.50197086e+02      1.39754563e+02      
5.51569347e+02      1.38616555e+02      
5.52941608e+02      1.37103680e+02      
5.54313869e+02      1.40693120e+02      
5.56250000e+02      1.37447898e+02      
5.58750000e+02      1.32850031e+02      
5.61250000e+02      1.34269816e+02      
5.63750000e+02      1.37232759e+02      
5.65200540e+02      1.35694823e+02      
5.65601619e+02      1.33336910e+02      
5.66002698e+02      1.27275211e+02      
5.66403777e+02      1.33038455e+02      
5.67653777e+02      1.35623654e+02      
5.69752698e+02      1.33384159e+02      
5.71851619e+02      1.33775561e+02      
5.73950540e+02      1.37934144e+02      
5.76250000e+02      1.34829147e+02      
5.78750000e+02      1.33633168e+02      
5.81250000e+02      1.35485862e+02      
5.83750000e+02      1.36341509e+02      
5.86250000e+02      1.32746307e+02      
5.88750000e+02      1.25554269e+02      
5.91250000e+02      1.32388034e+02      
5.93750000e+02      1.31987912e+02      
5.96250000e+02      1.31426467e+02      
5.98750000e+02      1.30208536e+02      
6.01250000e+02      1.27911303e+02      
6.03750000e+02      1.29734308e+02      
6.05004234e+02      1.30781201e+02      
6.05012703e+02      1.31034081e+02      
6.05021172e+02      1.31059555e+02      
6.05029640e+02      1.30314551e+02      
6.06279640e+02      1.30077462e+02      
6.08771172e+02      1.28900685e+02      
6.11262703e+02      1.27558981e+02      
6.13754234e+02      1.25091516e+02      
6.16250000e+02      1.22888803e+02      
6.18750000e+02      1.25745717e+02      
6.21250000e+02      1.25787414e+02      
6.23750000e+02      1.22352983e+02      
6.26250000e+02      1.23265531e+02      
6.28750000e+02      1.24973564e+02      
6.31250000e+02      1.21782827e+02      
6.33750000e+02      1.22300297e+02      
6.36250000e+02      1.21838115e+02      
6.38750000e+02      1.22010862e+02      
6.41250000e+02      1.19135881e+02      
6.43750000e+02      1.20569286e+02      
6.46250000e+02      1.18770382e+02      
6.48750000e+02      1.17803152e+02      
6.51250000e+02      1.18977221e+02      
6.53750000e+02      1.17486048e+02      
6.56250000e+02      1.04736339e+02      
6.58750000e+02      1.14378241e+02      
6.61250000e+02      1.16194979e+02      
6.63750000e+02      1.13978142e+02      
6.65208336e+02      1.13992675e+02      
6.65625007e+02      1.14623547e+02      
6.66041679e+02      1.14141112e+02      
6.66458351e+02      1.11800077e+02      
6.67708351e+02      1.14107566e+02      
6.69791679e+02      1.14940431e+02      
6.71875007e+02      1.14524538e+02      
6.73958336e+02      1.14778066e+02      
6.76250000e+02      1.13511781e+02      
6.78750000e+02      1.12153470e+02      
6.81250000e+02      1.11293778e+02      
6.83750000e+02      1.10748243e+02      
6.85760623e+02      1.11287336e+02      
6.87281868e+02      1.12357013e+02      
6.88803113e+02      1.10899319e+02      
6.90324358e+02      1.10117389e+02      
6.91574358e+02      1.08761904e+02      
6.92553113e+02      1.08533653e+02      
6.93531868e+02      1.08661779e+02      
6.94510623e+02      1.08863097e+02      
6.96250000e+02      1.09851136e+02      
6.98750000e+02      1.08759641e+02      
7.01250000e+02      1.07180793e+02      
7.03750000e+02      1.08152941e+02      
7.06250000e+02      1.07444605e+02      
7.08750000e+02      1.06289132e+02      
7.11250000e+02      1.04996835e+02      
7.13750000e+02      1.03430653e+02      
7.16250000e+02      1.02604368e+02      
7.18750000e+02      1.01317495e+02      
7.21250000e+02      1.01564587e+02      
7.23750000e+02      1.01499803e+02      
7.26250000e+02      1.00901755e+02      
7.28750000e+02      9.87510510e+01      
7.31250000e+02      9.96004513e+01      
7.33750000e+02      9.95105891e+01      
7.36250000e+02      9.85923222e+01      
7.38750000e+02      9.68280711e+01      
7.41250000e+02      9.57866941e+01      
7.43750000e+02      9.70323895e+01      
7.45859962e+02      9.68767209e+01      
7.47579885e+02      9.72556497e+01      
7.49299808e+02      9.57563501e+01      
7.51019731e+02      9.54605039e+01      
7.52269731e+02      9.54599522e+01      
7.53049808e+02      9.57170094e+01      
7.53829885e+02      9.61990433e+01      
7.54609962e+02      9.57464929e+01      
7.56250000e+02      9.53206365e+01      
7.58750000e+02      9.44209509e+01      
7.61250000e+02      9.27732057e+01      
7.63750000e+02      9.36242217e+01      
7.66250000e+02      9.04648558e+01      
7.68750000e+02      9.17489729e+01      
7.71250000e+02      9.07356448e+01      
7.73750000e+02      9.05736519e+01      
7.75857604e+02      8.94780612e+01      
7.77572811e+02      8.91959283e+01      
7.79288018e+02      8.88499328e+01      
7.81003225e+02      8.85296763e+01      
7.82253225e+02      8.93010360e+01      
7.83038018e+02      8.79255284e+01      
7.83822811e+02      8.70705274e+01      
7.84607604e+02      8.82086298e+01      
7.86250000e+02      8.74010851e+01      
7.88750000e+02      8.78125886e+01      
7.91250000e+02      8.67872901e+01      
7.93750000e+02      8.42819259e+01      
7.96250000e+02      8.61462731e+01      
7.98750000e+02      8.54825756e+01      
8.01250000e+02      8.50348834e+01      
8.03750000e+02      8.44066790e+01      
8.06250000e+02      8.42990286e+01      
8.08750000e+02      8.34018019e+01      
8.11250000e+02      8.40000141e+01      
8.13750000e+02      8.41694205e+01      
8.16250000e+02      8.33019564e+01      
8.18750000e+02      8.09862999e+01      
8.21250000e+02      8.02539352e+01      
8.23750000e+02      8.12591896e+01      
8.26250000e+02      8.12715303e+01      
8.28750000e+02      8.04750927e+01      
8.31250000e+02      8.00679674e+01      
8.33750000e+02      7.75259046e+01      
8.35932497e+02      7.91746150e+01      
8.37797491e+02      7.83985469e+01      
8.39662485e+02      7.79541173e+01      
8.41527480e+02      7.82278816e+01      
8.42777480e+02      7.64969987e+01      
8.43412485e+02      7.60230384e+01      
8.44047491e+02      7.55611981e+01      
8.44682497e+02      7.78316867e+01      
8.46250000e+02      7.70709393e+01      
8.48750000e+02      7.44659988e+01      
8.51250000e+02      7.25692539e+01      
8.53750000e+02      6.47310282e+01      
8.56250000e+02      7.36313156e+01      
8.58750000e+02      7.41191737e+01      
8.61250000e+02      7.45734653e+01      
8.63750000e+02      7.55501742e+01      
8.66250000e+02      6.85928956e+01      
8.68750000e+02      7.38534670e+01      
8.71250000e+02      7.53251726e+01      
8.73750000e+02      7.40220546e+01      
8.76250000e+02      7.25217786e+01      
8.78750000e+02      7.27801749e+01      
8.81250000e+02      7.08773340e+01      
8.83750000e+02      7.13199121e+01      
8.85783196e+02      7.07810603e+01      
8.87349589e+02      6.97427635e+01      
8.88915982e+02      7.10587801e+01      
8.90482375e+02      7.12584366e+01      
8.91732375e+02      7.03351537e+01      
8.92665982e+02      6.86059852e+01      
8.93599589e+02      6.98786951e+01      
8.94533196e+02      6.84732523e+01      
8.96250000e+02      6.96578532e+01      
8.98750000e+02      6.91010816e+01      
9.01250000e+02      6.59547500e+01      
9.03750000e+02      6.87310365e+01      
9.06250000e+02      6.79705973e+01      
9.08750000e+02      6.60742301e+01      
9.11250000e+02      6.62391089e+01      
9.13750000e+02      6.72095698e+01      
9.16250000e+02      6.62522479e+01      
9.18750000e+02      6.59745453e+01      
9.21250000e+02      6.43180390e+01      
9.23750000e+02      6.30720259e+01      
9.26250000e+02      6.37119439e+01      
9.28750000e+02      6.45810574e+01      
9.31250000e+02      6.44041105e+01      
9.33750000e+02      6.42864893e+01      
9.36250000e+02      6.33401941e+01      
9.38750000e+02      6.33177506e+01      
9.41250000e+02      6.09253907e+01      
9.43750000e+02      6.17793032e+01      
9.46250000e+02      6.20977683e+01      
9.48750000e+02      6.22683232e+01      
9.51250000e+02      6.16243193e+01      
9.53750000e+02      6.04471393e+01      
9.55817304e+02      5.95283730e+01      
9.57451913e+02      6.03581066e+01      
9.59086521e+02      6.09532026e+01      
9.60721130e+02      5.99213479e+01      
9.61971130e+02      6.04324190e+01      
9.62836521e+02      5.93896150e+01      
9.63701913e+02      5.93684521e+01      
9.64567304e+02      5.96135817e+01      
9.66250000e+02      5.90017810e+01      
9.68750000e+02      5.91681095e+01      
9.71250000e+02      5.90054193e+01      
9.73750000e+02      5.81327448e+01      
9.76250000e+02      5.81579080e+01      
9.78750000e+02      5.77800319e+01      
9.81250000e+02      5.78774568e+01      
9.83750000e+02      5.74408665e+01      
9.86250000e+02      5.71189256e+01      
9.88750000e+02      5.65689241e+01      
9.91250000e+02      5.64434379e+01      
9.93750000e+02      5.64774875e+01      
9.96250000e+02      5.61787740e+01      
9.98750000e+02      5.58483378e+01      
1.00125000e+03      5.57581456e+01      
1.00375000e+03      5.44234938e+01      
1.00625000e+03      5.32755657e+01      
1.00875000e+03      5.48030668e+01      
1.01125000e+03      5.44779714e+01      
1.01375000e+03      5.39610056e+01      
1.01625000e+03      5.34486929e+01      
1.01875000e+03      5.29177517e+01      
1.02125000e+03      5.27763112e+01      
1.02375000e+03      5.31239159e+01      
1.02625000e+03      5.28881285e+01      
1.02875000e+03      5.24594068e+01      
1.03125000e+03      5.22018182e+01      
1.03375000e+03      5.12860573e+01      
1.03515868e+03      5.09534645e+01      
1.03547603e+03      5.15974487e+01      
1.03579339e+03      5.16951870e+01      
1.03611075e+03      5.17373869e+01      
1.03736075e+03      5.08265050e+01      
1.03954339e+03      5.10444724e+01      
1.04172603e+03      5.09507143e+01      
1.04390868e+03      5.07761108e+01      
1.04625000e+03      4.99044102e+01      
1.04875000e+03      5.04369020e+01      
1.05125000e+03      5.01032406e+01      
1.05375000e+03      4.98045111e+01      
1.05625000e+03      4.98564028e+01      
1.05875000e+03      4.88420507e+01      
1.06125000e+03      4.87515940e+01      
1.06375000e+03      4.88304390e+01      
1.06556484e+03      4.89069974e+01      
1.06669451e+03      4.78825680e+01      
1.06782418e+03      4.85841351e+01      
1.06895385e+03      4.60614689e+01      
1.07020385e+03      4.77430841e+01      
1.07157418e+03      4.81118744e+01      
1.07294451e+03      4.71605038e+01      
1.07431484e+03      4.76090447e+01      
1.07625000e+03      4.76319305e+01      
1.07875000e+03      4.72169547e+01      
1.08125000e+03      4.66134286e+01      
1.08375000e+03      4.63148402e+01      
1.08687500e+03      4.61179225e+01      
1.09062500e+03      4.63411086e+01      
1.09437500e+03      4.42088356e+01      
1.09812500e+03      4.46892565e+01      
1.10374294e+03      4.46073389e+01      
1.11122881e+03      4.42156127e+01      
1.11871468e+03      4.35330575e+01      
1.12620055e+03      4.25926567e+01      
1.13903128e+03      4.15870304e+01      
1.15720685e+03      4.04683657e+01      
1.17538242e+03      3.91469964e+01      
1.19355799e+03      3.77655590e+01      
1.21571375e+03      3.65471404e+01      
1.24184971e+03      3.50479896e+01      
1.26798566e+03      3.37250963e+01      
1.29412161e+03      3.20949355e+01      
1.32261778e+03      3.07526489e+01      
1.35347418e+03      2.93768447e+01      
1.38433059e+03      2.80537289e+01      
1.41518699e+03      2.65750072e+01      
1.44740644e+03      2.53648294e+01      
1.48098895e+03      2.40242749e+01      
1.51457146e+03      2.26841971e+01      
1.54815397e+03      2.15856400e+01      
1.58029753e+03      2.02626212e+01      
1.61100215e+03      1.93488497e+01      
1.64170676e+03      1.82851719e+01      
1.67241138e+03      1.72091047e+01      
1.70956790e+03      1.61958927e+01      
1.75317633e+03      1.48254991e+01      
1.79678476e+03      1.36845117e+01      
1.84039319e+03      1.26705814e+01      
1.88194796e+03      1.16093691e+01      
1.92144910e+03      1.09133825e+01      
1.96095023e+03      1.00498003e+01      
2.00045136e+03      9.40825901e+00      
2.04300708e+03      8.71318230e+00      
2.08861738e+03      8.08284707e+00      
2.13422769e+03      7.50370352e+00      
2.17983800e+03      6.86734183e+00      
2.23748645e+03      6.24240854e+00      
2.30717304e+03      5.54380503e+00      
2.37685964e+03      4.90335016e+00      
2.44654623e+03      4.43542388e+00      
2.50366265e+03      4.09938260e+00      
2.54820889e+03      3.84680189e+00      
2.59275514e+03      3.62496657e+00      
2.63730139e+03      3.41003663e+00      
2.69209120e+03      3.17632147e+00      
2.75712457e+03      2.93506934e+00      
2.82215795e+03      2.70475184e+00      
2.88719133e+03      2.49361393e+00      
2.95966840e+03      2.28494465e+00      
3.03958917e+03      2.08585348e+00      
3.11950994e+03      1.90187262e+00      
3.19943070e+03      1.73749251e+00      
3.28153443e+03      1.58807908e+00      
3.36582112e+03      1.45004528e+00      
3.45010781e+03      1.32727736e+00      
3.53439450e+03      1.21318737e+00      
3.63067350e+03      1.10073011e+00      
3.73894480e+03      9.92919611e-01      
3.84721610e+03      8.95008010e-01      
3.95548740e+03      8.15007277e-01      
4.02990538e+03      7.61189235e-01      
4.07047004e+03      7.27811155e-01      
4.11103469e+03      7.02131427e-01      
4.15159935e+03      6.73319176e-01      
4.21857828e+03      6.34923224e-01      
4.31197149e+03      5.87856673e-01      
4.40536469e+03      5.42057551e-01      
4.49875790e+03      5.01252964e-01      
4.58702880e+03      4.66379865e-01      
4.67017740e+03      4.36219250e-01      
4.75332600e+03      4.08738702e-01      
4.83647460e+03      3.83898777e-01      
4.90931845e+03      3.63339448e-01      
4.97185755e+03      3.45771703e-01      
5.03439665e+03      3.30278453e-01      
5.09693575e+03      3.15239223e-01      
5.16285533e+03      3.00584102e-01      
5.23215538e+03      2.86214294e-01      
5.30145544e+03      2.72485963e-01      
5.37075549e+03      2.59463470e-01      
5.44401556e+03      2.46734993e-01      
5.52123564e+03      2.34094661e-01      
5.59845573e+03      2.22285507e-01      
5.67567581e+03      2.11064989e-01      
5.75757587e+03      2.00048408e-01      
5.84415591e+03      1.89253974e-01      
5.93073595e+03      1.79124380e-01      
6.01731598e+03      1.69419569e-01      
6.10948187e+03      1.59971115e-01      
6.20723361e+03      1.50809636e-01      
6.30498534e+03      1.42185705e-01      
6.40273708e+03      1.34038927e-01      
6.50723028e+03      1.26081710e-01      
6.61846495e+03      1.18320207e-01      
6.72969961e+03      1.11110797e-01      
6.84093428e+03      1.04223965e-01      
6.96040857e+03      9.76052704e-02      
7.08812249e+03      9.11865922e-02      
7.21583641e+03      8.51742315e-02      
7.34355032e+03      7.97264555e-02      
7.46187353e+03      7.50398675e-02      
7.57080603e+03      7.08927061e-02      
7.67973852e+03      6.71287708e-02      
7.78867102e+03      6.35483710e-02      
7.90441173e+03      6.00464907e-02      
8.02696067e+03      5.66429667e-02      
8.14950961e+03      5.34500973e-02      
8.27205855e+03      5.03180369e-02      
8.41982520e+03      4.70243665e-02      
8.59280956e+03      4.36259276e-02      
8.76579392e+03      4.03838179e-02      
8.93877828e+03      3.76281992e-02      
9.07082057e+03      3.55500871e-02      
9.16192079e+03      3.40540605e-02      
9.25302100e+03      3.27730207e-02      
9.34412122e+03      3.14661359e-02      
9.46596241e+03      2.99345436e-02      
9.61854458e+03      2.82292337e-02      
9.77112675e+03      2.65653366e-02      
9.92370892e+03      2.50138189e-02      
1.00797873e+04      2.35394045e-02      
1.02393618e+04      2.21585645e-02      
1.03989363e+04      2.08721552e-02      
1.05585108e+04      1.96441796e-02      
1.07370822e+04      1.84054742e-02      
1.09346507e+04      1.71804525e-02      
1.11322191e+04      1.60293698e-02      
1.13297875e+04      1.49202235e-02      
1.15625002e+04      1.37895012e-02      
1.18303573e+04      1.26531327e-02      
1.20982144e+04      1.15954124e-02      
1.23660715e+04      1.06157002e-02      
1.26736112e+04      9.64872978e-03      
1.30208335e+04      8.70853906e-03      
1.33680558e+04      7.85953705e-03      
1.37152781e+04      7.12672432e-03      
1.40268412e+04      6.52892270e-03      
1.43027449e+04      6.03319313e-03      
1.45786486e+04      5.59925675e-03      
1.48545523e+04      5.19851003e-03      
1.51443729e+04      4.82039996e-03      
1.54481106e+04      4.46458022e-03      
1.57518482e+04      4.13469900e-03      
1.60555859e+04      3.81057099e-03      
1.64751008e+04      3.44583574e-03      
1.70103929e+04      3.06026520e-03      
1.75456851e+04      2.70997854e-03      
1.80809772e+04      2.41296427e-03      
1.85802979e+04      2.16747300e-03      
1.90436473e+04      1.96318615e-03      
1.95069966e+04      1.78667236e-03      
1.99703460e+04      1.62167061e-03      
2.05176771e+04      1.45843951e-03      
2.11489899e+04      1.29971073e-03      
2.17803028e+04      1.15747945e-03      
2.24116156e+04      1.02808546e-03      
2.31758368e+04      9.01265848e-04      
2.40729663e+04      7.80197137e-04      
2.49700959e+04      6.75126382e-04      
2.58672254e+04      5.86171827e-04      
2.68141952e+04      5.08635484e-04      
2.78110051e+04      4.40944731e-04      
2.88078151e+04      3.83678683e-04      
2.98046250e+04      3.33357510e-04      
3.09794371e+04      2.86214293e-04      
3.23322513e+04      2.43044217e-04      
3.36850655e+04      2.06575823e-04      
3.50378797e+04      1.74132118e-04      
3.69318190e+04      1.41567187e-04      
3.93668833e+04      1.11544681e-04      
4.18019476e+04      8.78508416e-05      
4.42370119e+04      6.88025116e-05      
4.75852261e+04      5.16452073e-05      
5.18465900e+04      3.74470461e-05      
5.61079540e+04      2.73304758e-05      
6.03693180e+04      1.96271619e-05      
6.71875000e+04      1.29379693e-05      
7.65625000e+04      7.99112795e-06      
8.59375000e+04      5.03077673e-06      
9.53125000e+04      3.47990525e-06      
1.00000000e+05      1.53567794e-06      
