# Molecular absorber
3
SO2 CO2 H2O
# Molecule data files
tab_so2.txt                             
tab_co2.txt                             
tab_h2o.txt                             
# Wavenumber range
1200          1600          4001          
# Relative temperature range
-80           80            5             
# Number of vertical levels
80
# Temperature
149.473       157.229       164.982       164.514       152.401       132.243       135.117       142.425       149.714       157.005       
164.067       166.155       158.552       151.133       149.331       152.239       155.1         157.97        157.911       155.539       
155.252       156.309       157.087       157.386       157.605       157.844       158.249       158.548       159           159.33        
159.845       160.218       160.815       161.244       161.939       162.439       163.257       163.85        164.827       165.558       
166.796       167.948       169.097       170.34        171.603       173.017       174.467       176.115       177.81        179.803       
182.097       184.309       186.461       188.568       190.652       192.725       194.798       196.877       198.969       201.077       
202.84        203.393       204.297       204.726       206.328       208.464       210.603       212.747       214.898       217.058       
219.231       221.417       223.619       225.839       228.079       230.34        232.623       234.93        237.262       239.62        
# Pressure
0.23822       0.28551       0.33914       0.3996        0.47105       0.56259       0.69037       0.84347       1.02          1.2221        
1.452         1.7125        2.0154        2.3906        2.8594        3.4276        4.0944        4.875         5.7861        6.8679        
8.1732        9.7298        11.569        13.745        16.323        19.382        23.007        27.298        32.38         38.388        
45.496        53.89         63.808        75.503        89.302        105.55        124.68        147.17        173.6         204.58        
240.91        283.35        332.9         390.68        457.96        536.2         626.99        732.21        853.84        994.22        
1155.7        1340.9        1553          1795.6        2072.8        2388.9        2749.1        3158.9        3624.4        4152.5        
4750.8        5429          6201.7        7080.2        8080.9        9213.5        10491         11930         13548         15366         
17407         19694         22255         25118         28316         31884         35859         40284         45203         50665         
