    cm-1  microns   25%       38%       50%       75%       84.5%     95.6%

    400.  25.000    3.03E-01  3.27E-01  3.19E-01  2.00E-01  9.90E-02  2.12E-01
    410.  24.390    3.05E-01  3.28E-01  3.28E-01  2.26E-01  1.44E-01  2.45E-01
    430.  23.256    3.29E-01  3.56E-01  3.71E-01  3.00E-01  2.19E-01  2.74E-01
    440.  22.727    3.43E-01  3.72E-01  3.80E-01  3.20E-01  2.31E-01  2.48E-01
    450.  22.222    3.51E-01  3.78E-01  3.84E-01  3.29E-01  2.29E-01  2.18E-01
    470.  21.277    3.54E-01  3.74E-01  3.61E-01  2.90E-01  1.99E-01  1.93E-01
    480.  20.833    3.53E-01  3.68E-01  3.50E-01  2.57E-01  1.69E-01  1.94E-01
    490.  20.408    3.51E-01  3.63E-01  3.45E-01  2.40E-01  1.45E-01  1.97E-01
    500.  20.000    3.49E-01  3.57E-01  3.44E-01  2.35E-01  1.46E-01  2.09E-01
    510.  19.608    3.49E-01  3.49E-01  3.44E-01  2.38E-01  1.61E-01  2.41E-01
    530.  18.868    3.52E-01  3.48E-01  3.53E-01  2.61E-01  2.16E-01  4.05E-01
    540.  18.519    3.55E-01  3.54E-01  3.60E-01  2.99E-01  2.91E-01  5.69E-01
    550.  18.182    3.60E-01  3.64E-01  3.75E-01  3.62E-01  3.91E-01  7.40E-01
    560.  17.857    3.68E-01  3.79E-01  4.02E-01  4.57E-01  5.20E-01  8.02E-01
    570.  17.544    3.83E-01  4.04E-01  4.43E-01  5.54E-01  5.75E-01  6.99E-01
    580.  17.241    4.12E-01  4.43E-01  4.96E-01  5.94E-01  5.49E-01  5.40E-01
    590.  16.949    4.22E-01  4.60E-01  5.09E-01  5.64E-01  4.68E-01  4.15E-01
    600.  16.667    4.15E-01  4.48E-01  4.79E-01  4.79E-01  4.00E-01  3.40E-01
    620.  16.129    3.74E-01  3.81E-01  3.79E-01  3.52E-01  2.90E-01  2.53E-01
    630.  15.873    3.58E-01  3.50E-01  3.38E-01  2.99E-01  2.44E-01  2.32E-01
    650.  15.385    3.40E-01  3.22E-01  2.99E-01  2.21E-01  1.75E-01  2.03E-01
    670.  14.925    3.29E-01  3.04E-01  2.77E-01  1.91E-01  1.51E-01  1.83E-01
    680.  14.706    3.22E-01  2.95E-01  2.68E-01  1.83E-01  1.44E-01  1.76E-01
    700.  14.286    3.09E-01  2.80E-01  2.54E-01  1.73E-01  1.34E-01  1.60E-01
    720.  13.889    2.94E-01  2.66E-01  2.42E-01  1.71E-01  1.25E-01  1.43E-01
    740.  13.514    2.79E-01  2.53E-01  2.30E-01  1.65E-01  1.16E-01  1.26E-01
    760.  13.158    2.62E-01  2.40E-01  2.21E-01  1.60E-01  1.08E-01  1.10E-01
    780.  12.821    2.42E-01  2.26E-01  2.13E-01  1.57E-01  1.00E-01  9.00E-02
    790.  12.658    2.33E-01  2.18E-01  2.10E-01  1.57E-01  9.90E-02  9.00E-02
    800.  12.500    2.24E-01  2.11E-01  2.10E-01  1.58E-01  1.00E-01  9.40E-02
    820.  12.195    2.06E-01  2.09E-01  2.15E-01  1.68E-01  1.12E-01  9.60E-02
    840.  11.905    1.91E-01  2.12E-01  2.27E-01  1.94E-01  1.30E-01  1.07E-01
    850.  11.765    1.90E-01  2.16E-01  2.38E-01  2.16E-01  1.58E-01  1.21E-01
    870.  11.494    2.05E-01  2.40E-01  3.03E-01  3.13E-01  2.47E-01  1.81E-01
    874.  11.442    2.08E-01  2.59E-01  3.38E-01  3.41E-01  2.77E-01  2.06E-01
    880.  11.364    2.09E-01  2.75E-01  3.45E-01  3.86E-01  3.21E-01  2.43E-01
    890.  11.236    2.07E-01  2.77E-01  3.38E-01  4.64E-01  4.16E-01  3.56E-01
    900.  11.111    2.00E-01  2.69E-01  3.11E-01  4.63E-01  4.83E-01  4.58E-01
    910.  10.989    1.88E-01  2.47E-01  2.79E-01  4.10E-01  4.66E-01  4.60E-01
    920.  10.870    1.73E-01  2.07E-01  2.28E-01  3.51E-01  4.02E-01  4.07E-01
    930.  10.753    1.60E-01  1.84E-01  2.00E-01  3.01E-01  3.48E-01  3.91E-01
    940.  10.638    1.52E-01  1.73E-01  1.92E-01  2.75E-01  3.23E-01  4.68E-01
    950.  10.526    1.51E-01  1.72E-01  1.99E-01  2.71E-01  3.28E-01  6.27E-01
    960.  10.417    1.54E-01  1.76E-01  2.10E-01  2.77E-01  3.46E-01  7.95E-01
    963.  10.384    1.57E-01  1.81E-01  2.15E-01  2.82E-01  3.49E-01  8.33E-01
    970.  10.309    1.58E-01  1.86E-01  2.22E-01  2.92E-01  3.47E-01  8.69E-01
    980.  10.204    1.65E-01  1.97E-01  2.35E-01  3.11E-01  3.41E-01  8.09E-01
    990.  10.101    1.73E-01  2.12E-01  2.55E-01  3.38E-01  3.53E-01  6.24E-01
   1010.   9.901    1.95E-01  2.47E-01  3.14E-01  4.53E-01  4.43E-01  3.50E-01
   1020.   9.804    2.09E-01  2.72E-01  3.49E-01  5.38E-01  5.28E-01  3.11E-01
   1030.   9.709    2.26E-01  3.14E-01  4.02E-01  6.37E-01  6.30E-01  3.26E-01
   1040.   9.615    2.46E-01  3.64E-01  4.63E-01  7.08E-01  7.07E-01  3.52E-01
   1050.   9.524    2.73E-01  3.76E-01  4.62E-01  7.11E-01  7.24E-01  3.73E-01
   1060.   9.434    2.45E-01  3.39E-01  4.28E-01  6.68E-01  6.93E-01  3.66E-01
   1070.   9.346    2.13E-01  2.97E-01  3.70E-01  6.12E-01  6.39E-01  3.47E-01
   1080.   9.259    1.94E-01  2.66E-01  3.37E-01  5.60E-01  5.94E-01  3.42E-01
   1090.   9.174    1.93E-01  2.65E-01  3.14E-01  5.40E-01  5.74E-01  3.60E-01
   1100.   9.091    1.97E-01  2.67E-01  3.18E-01  5.56E-01  6.03E-01  3.91E-01
   1110.   9.009    2.01E-01  2.69E-01  3.35E-01  5.90E-01  6.34E-01  4.39E-01
   1120.   8.929    2.06E-01  2.80E-01  3.60E-01  6.34E-01  6.86E-01  4.81E-01
   1130.   8.850    2.11E-01  3.02E-01  3.84E-01  6.81E-01  7.31E-01  5.24E-01
   1150.   8.696    2.29E-01  3.44E-01  4.36E-01  7.55E-01  7.77E-01  6.15E-01
   1160.   8.621    2.46E-01  3.60E-01  4.65E-01  7.61E-01  7.73E-01  6.51E-01
   1170.   8.547    2.68E-01  3.76E-01  4.85E-01  7.58E-01  7.64E-01  6.69E-01
   1190.   8.403    2.85E-01  4.00E-01  4.98E-01  7.19E-01  7.26E-01  6.43E-01
   1210.   8.264    2.70E-01  3.81E-01  4.73E-01  6.63E-01  6.66E-01  5.32E-01
   1230.   8.130    2.28E-01  3.22E-01  4.09E-01  5.93E-01  5.90E-01  4.53E-01
   1240.   8.065    1.99E-01  2.85E-01  3.70E-01  5.47E-01  5.57E-01  4.27E-01
   1250.   8.000    1.73E-01  2.52E-01  3.29E-01  5.13E-01  5.27E-01  4.00E-01
   1270.   7.874    1.43E-01  2.06E-01  2.68E-01  4.45E-01  4.71E-01  3.58E-01
   1290.   7.752    1.27E-01  1.84E-01  2.39E-01  3.97E-01  4.12E-01  3.21E-01
   1310.   7.634    1.21E-01  1.72E-01  2.22E-01  3.51E-01  3.51E-01  3.08E-01
   1320.   7.576    1.19E-01  1.66E-01  2.14E-01  3.23E-01  3.18E-01  3.13E-01
   1340.   7.463    1.15E-01  1.57E-01  1.97E-01  2.62E-01  2.42E-01  3.62E-01
   1360.   7.353    1.09E-01  1.52E-01  1.82E-01  2.11E-01  2.01E-01  4.31E-01
   1370.   7.299    1.07E-01  1.46E-01  1.75E-01  1.95E-01  1.87E-01  4.37E-01
   1390.   7.194    1.02E-01  1.35E-01  1.61E-01  1.73E-01  1.61E-01  3.34E-01
   1410.   7.092    9.70E-02  1.27E-01  1.50E-01  1.58E-01  1.38E-01  2.26E-01
   1430.   6.993    9.20E-02  1.21E-01  1.43E-01  1.43E-01  1.16E-01  1.00E-01
   1450.   6.897    8.90E-02  1.17E-01  1.36E-01  1.43E-01  1.02E-01  6.70E-02
   1470.   6.803    8.60E-02  1.12E-01  1.30E-01  1.37E-01  9.40E-02  5.80E-02
   1490.   6.711    8.40E-02  1.08E-01  1.25E-01  1.30E-01  8.80E-02  5.20E-02
   1500.   6.667    8.30E-02  1.07E-01  1.22E-01  1.26E-01  8.70E-02  4.70E-02
   1510.   6.623    8.30E-02  1.06E-01  1.21E-01  1.22E-01  8.70E-02  4.50E-02
   1520.   6.579    8.30E-02  1.05E-01  1.20E-01  1.21E-01  8.80E-02  4.80E-02
   1530.   6.536    8.30E-02  1.04E-01  1.20E-01  1.22E-01  9.30E-02  5.20E-02
   1540.   6.494    8.50E-02  1.05E-01  1.20E-01  1.23E-01  9.80E-02  5.60E-02
   1560.   6.410    8.80E-02  1.11E-01  1.22E-01  1.25E-01  1.05E-01  6.50E-02
   1580.   6.329    9.60E-02  1.20E-01  1.28E-01  1.30E-01  1.11E-01  7.00E-02
   1600.   6.250    1.12E-01  1.35E-01  1.38E-01  1.38E-01  1.16E-01  6.90E-02
   1610.   6.211    1.25E-01  1.43E-01  1.48E-01  1.44E-01  1.20E-01  6.90E-02
   1620.   6.173    1.39E-01  1.54E-01  1.59E-01  1.52E-01  1.26E-01  6.80E-02
   1630.   6.135    1.56E-01  1.70E-01  1.72E-01  1.64E-01  1.33E-01  6.70E-02
   1640.   6.098    1.65E-01  1.74E-01  1.85E-01  1.75E-01  1.43E-01  6.50E-02
   1650.   6.061    1.59E-01  1.70E-01  1.87E-01  1.84E-01  1.53E-01  6.40E-02
   1660.   6.024    1.48E-01  1.65E-01  1.85E-01  1.91E-01  1.61E-01  6.20E-02
   1680.   5.952    1.30E-01  1.57E-01  1.81E-01  2.03E-01  1.69E-01  5.70E-02
   1700.   5.882    1.16E-01  1.51E-01  1.77E-01  2.15E-01  1.73E-01  5.40E-02
   1720.   5.814    1.05E-01  1.47E-01  1.76E-01  2.25E-01  1.73E-01  5.70E-02
   1740.   5.747    9.90E-02  1.43E-01  1.77E-01  2.20E-01  1.69E-01  5.80E-02
   1760.   5.682    9.40E-02  1.39E-01  1.81E-01  2.12E-01  1.62E-01  5.80E-02
   1770.   5.650    9.10E-02  1.36E-01  1.82E-01  2.09E-01  1.58E-01  5.70E-02
   1780.   5.618    8.80E-02  1.33E-01  1.73E-01  2.06E-01  1.54E-01  5.60E-02
   1800.   5.556    8.20E-02  1.26E-01  1.60E-01  1.94E-01  1.46E-01  5.50E-02
   1820.   5.495    7.60E-02  1.19E-01  1.51E-01  1.82E-01  1.40E-01  5.30E-02
   1840.   5.435    7.10E-02  1.14E-01  1.43E-01  1.71E-01  1.34E-01  5.20E-02
   1860.   5.376    6.80E-02  1.07E-01  1.36E-01  1.60E-01  1.27E-01  5.10E-02
   1880.   5.319    6.40E-02  1.03E-01  1.30E-01  1.51E-01  1.19E-01  5.10E-02
   1900.   5.263    6.10E-02  9.70E-02  1.23E-01  1.44E-01  1.13E-01  5.00E-02
   1930.   5.181    5.80E-02  9.00E-02  1.16E-01  1.35E-01  1.10E-01  5.20E-02
   1960.   5.102    5.50E-02  8.50E-02  1.08E-01  1.28E-01  1.08E-01  5.30E-02
   2020.   4.950    4.90E-02  7.60E-02  9.60E-02  1.18E-01  1.10E-01  5.80E-02
   2080.   4.808    4.60E-02  7.10E-02  8.90E-02  1.16E-01  1.16E-01  6.40E-02
   2120.   4.717    4.40E-02  6.80E-02  8.70E-02  1.17E-01  1.22E-01  6.90E-02
   2180.   4.587    4.30E-02  6.50E-02  8.60E-02  1.21E-01  1.31E-01  7.40E-02
   2240.   4.464    4.20E-02  6.30E-02  8.50E-02  1.19E-01  1.27E-01  7.50E-02
   2290.   4.367    4.00E-02  6.00E-02  8.10E-02  1.13E-01  1.22E-01  7.70E-02
   2330.   4.292    3.60E-02  5.70E-02  7.90E-02  1.09E-01  1.22E-01  9.20E-02
   2340.   4.274    3.60E-02  5.70E-02  7.90E-02  1.10E-01  1.22E-01  9.90E-02
   2370.   4.219    3.50E-02  5.80E-02  8.00E-02  1.17E-01  1.31E-01  1.16E-01
   2410.   4.149    3.40E-02  5.90E-02  8.00E-02  1.21E-01  1.42E-01  1.20E-01
   2450.   4.082    3.30E-02  5.80E-02  8.00E-02  1.24E-01  1.46E-01  1.18E-01
   2500.   4.000    3.20E-02  5.60E-02  8.00E-02  1.26E-01  1.49E-01  1.14E-01
   2530.   3.953    3.00E-02  5.60E-02  8.00E-02  1.27E-01  1.50E-01  1.13E-01
   2560.   3.906    3.00E-02  5.40E-02  7.80E-02  1.27E-01  1.52E-01  1.15E-01
   2590.   3.861    2.90E-02  5.30E-02  7.80E-02  1.27E-01  1.56E-01  1.18E-01
   2600.   3.846    2.80E-02  5.30E-02  7.70E-02  1.27E-01  1.57E-01  1.17E-01
   2620.   3.817    2.90E-02  5.20E-02  7.70E-02  1.28E-01  1.57E-01  1.16E-01
   2660.   3.759    2.90E-02  5.20E-02  7.60E-02  1.30E-01  1.56E-01  1.22E-01
   2710.   3.690    3.00E-02  5.40E-02  7.70E-02  1.36E-01  1.59E-01  1.37E-01
   2760.   3.623    3.10E-02  5.60E-02  8.10E-02  1.43E-01  1.68E-01  1.55E-01
   2810.   3.559    3.40E-02  5.90E-02  8.60E-02  1.53E-01  1.78E-01  1.73E-01
   2880.   3.472    4.00E-02  6.40E-02  9.20E-02  1.61E-01  1.89E-01  1.92E-01
   2930.   3.413    4.70E-02  7.00E-02  9.50E-02  1.59E-01  1.81E-01  1.97E-01
   2990.   3.344    5.80E-02  7.80E-02  9.90E-02  1.59E-01  1.71E-01  1.95E-01
   3050.   3.279    7.50E-02  9.00E-02  1.02E-01  1.50E-01  1.59E-01  1.82E-01
   3150.   3.175    1.18E-01  1.17E-01  1.13E-01  1.31E-01  1.31E-01  1.43E-01
   3250.   3.077    1.66E-01  1.49E-01  1.30E-01  1.09E-01  9.80E-02  9.20E-02
   3310.   3.021    1.93E-01  1.45E-01  1.41E-01  9.90E-02  7.90E-02  6.40E-02
   3350.   2.985    2.07E-01  1.75E-01  1.48E-01  9.30E-02  6.70E-02  4.80E-02
   3400.   2.941    2.18E-01  1.84E-01  1.54E-01  8.60E-02  5.30E-02  3.00E-02
   3430.   2.915    2.19E-01  1.85E-01  1.53E-01  8.20E-02  4.50E-02  2.20E-02
   3470.   2.882    2.06E-01  1.76E-01  1.47E-01  7.30E-02  3.40E-02  1.20E-02
   3520.   2.841    1.74E-01  1.50E-01  1.25E-01  5.60E-02  2.20E-02  0.00E+00
   3530.   2.833    1.66E-01  1.44E-01  1.19E-01  5.20E-02  1.90E-02  0.00E+00
   3610.   2.770    8.90E-02  7.70E-02  6.20E-02  2.30E-02  0.00E+00  0.00E+00
   3620.   2.762    7.90E-02  6.80E-02  5.40E-02  1.90E-02  0.00E+00  0.00E+00
   3670.   2.725    3.10E-02  2.50E-02  2.20E-02  6.00E-03  0.00E+00  0.00E+00
   3720.   2.688    0.00E+00  0.00E+00  0.00E+00  0.00E+00  0.00E+00  0.00E+00
   3800.   2.632    0.00E+00  0.00E+00  0.00E+00  0.00E+00  0.00E+00  0.00E+00
   3900.   2.564    0.00E+00  0.00E+00  0.00E+00  0.00E+00  0.00E+00  0.00E+00
   4000.   2.500    0.00E+00  0.00E+00  0.00E+00  3.76E-03  3.38E-03  2.11E-03
   4100.   2.439    0.00E+00  0.00E+00  0.00E+00  2.97E-03  2.79E-03  1.86E-03
   4200.   2.381    0.00E+00  0.00E+00  0.00E+00  2.41E-03  2.43E-03  1.71E-03
   4300.   2.326    0.00E+00  0.00E+00  0.00E+00  2.09E-03  2.13E-03  1.62E-03
   4400.   2.273    0.00E+00  0.00E+00  0.00E+00  1.86E-03  1.94E-03  1.41E-03
   4500.   2.222    0.00E+00  0.00E+00  0.00E+00  1.67E-03  1.69E-03  1.29E-03
   4600.   2.174    0.00E+00  0.00E+00  0.00E+00  1.54E-03  1.56E-03  1.15E-03
   4700.   2.128    0.00E+00  0.00E+00  0.00E+00  1.43E-03  1.44E-03  1.02E-03
   4800.   2.083    0.00E+00  0.00E+00  0.00E+00  1.35E-03  1.34E-03  9.47E-04
   4900.   2.041    0.00E+00  0.00E+00  0.00E+00  1.30E-03  1.28E-03  8.93E-04
   5000.   2.000    0.00E+00  0.00E+00  0.00E+00  1.26E-03  1.19E-03  8.37E-04
   5100.   1.961    0.00E+00  0.00E+00  0.00E+00  1.24E-03  1.10E-03  7.41E-04
   5200.   1.923    0.00E+00  0.00E+00  0.00E+00  1.11E-03  9.61E-04  6.58E-04
   5300.   1.887    0.00E+00  0.00E+00  0.00E+00  7.96E-04  7.58E-04  5.86E-04
   5400.   1.852    0.00E+00  0.00E+00  0.00E+00  5.95E-04  6.26E-04  5.33E-04
   5500.   1.818    2.50E-04  0.00E+00  0.00E+00  5.37E-04  5.66E-04  4.93E-04
   5600.   1.786    2.37E-04  2.87E-04  0.00E+00  4.86E-04  4.99E-04  4.52E-04
   5700.   1.754    2.09E-04  2.68E-04  3.00E-04  4.24E-04  4.44E-04  4.02E-04
   5800.   1.724    1.87E-04  2.37E-04  2.65E-04  3.61E-04  3.76E-04  3.48E-04
   5900.   1.695    1.71E-04  2.16E-04  2.37E-04  3.14E-04  3.21E-04  2.99E-04
   6000.   1.667    1.58E-04  1.98E-04  2.18E-04  2.72E-04  2.76E-04  2.55E-04
   6100.   1.639    1.50E-04  1.85E-04  2.01E-04  2.34E-04  2.32E-04  2.14E-04
   6200.   1.613    1.48E-04  1.73E-04  1.87E-04  2.02E-04  1.95E-04  1.81E-04
   6300.   1.587    1.49E-04  1.69E-04  1.76E-04  1.76E-04  1.67E-04  1.52E-04
   6400.   1.562    1.55E-04  1.72E-04  1.68E-04  1.55E-04  1.41E-04  1.24E-04
   6500.   1.538    1.69E-04  1.80E-04  1.74E-04  1.38E-04  1.22E-04  9.88E-05
   6600.   1.515    1.87E-04  1.94E-04  1.82E-04  1.25E-04  1.09E-04  7.85E-05
   6700.   1.493    2.17E-04  2.14E-04  1.91E-04  1.17E-04  9.41E-05  6.21E-05
   6800.   1.471    2.43E-04  2.28E-04  1.99E-04  1.10E-04  8.13E-05  4.53E-05
   6900.   1.449    2.54E-04  2.19E-04  1.83E-04  1.02E-04  6.95E-05  3.40E-05
   7000.   1.429    2.36E-04  1.72E-04  1.47E-04  8.78E-05  5.62E-05  2.54E-05
   7100.   1.408    1.60E-04  1.04E-04  8.80E-05  6.16E-05  3.80E-05  1.98E-05
   7200.   1.389    7.52E-05  6.61E-05  5.35E-05  3.89E-05  2.61E-05  1.65E-05
   7300.   1.370    4.88E-05  4.41E-05  3.80E-05  2.59E-05  2.01E-05  1.38E-05
   7400.   1.351    3.37E-05  3.06E-05  2.69E-05  1.98E-05  1.53E-05  1.15E-05
   7500.   1.333    2.24E-05  2.10E-05  1.97E-05  1.59E-05  1.36E-05  9.44E-06
   7600.   1.316    1.66E-05  1.60E-05  1.54E-05  1.27E-05  1.12E-05  7.85E-06
   7700.   1.299    1.33E-05  1.29E-05  1.26E-05  1.05E-05  9.50E-06  6.67E-06
   7800.   1.282    1.13E-05  1.10E-05  1.07E-05  8.93E-06  8.06E-06  5.61E-06
   7900.   1.266    1.03E-05  9.74E-06  9.48E-06  7.75E-06  6.88E-06  4.68E-06
   8000.   1.250    1.00E-05  9.23E-06  8.85E-06  6.94E-06  6.00E-06  3.95E-06
   8200.   1.220    1.02E-05  8.98E-06  8.22E-06  5.63E-06  4.72E-06  2.91E-06
  8400.   1.190    9.95E-06  8.83E-06  7.90E-06  4.95E-06  3.85E-06  2.29E-06
   8600.   1.163    8.41E-06  8.02E-06  7.25E-06  4.05E-06  3.01E-06  1.94E-06
   8800.   1.136    4.46E-06  4.04E-06  3.73E-06  2.46E-06  2.17E-06  1.69E-06
   9000.   1.111    1.92E-06  1.85E-06  1.87E-06  1.84E-06  1.77E-06  1.51E-06
   9200.   1.087    1.44E-06  1.43E-06  1.45E-06  1.60E-06  1.60E-06  1.44E-06
   9400.   1.064    1.30E-06  1.29E-06  1.30E-06  1.50E-06  1.52E-06  1.40E-06
   9600.   1.042    1.44E-06  1.39E-06  1.37E-06  1.48E-06  1.46E-06  1.32E-06
   9800.   1.020    2.01E-06  1.75E-06  1.62E-06  1.52E-06  1.37E-06  1.11E-06
  10000.   1.000    2.75E-06  2.36E-06  2.09E-06  1.53E-06  1.19E-06  8.67E-07
  10200.    .980    3.23E-06  2.86E-06  2.40E-06  1.41E-06  9.67E-07  6.20E-07
  10400.    .962    2.91E-06  2.51E-06  1.97E-06  1.03E-06  7.51E-07  4.53E-07
  10600.    .943    1.39E-06  1.24E-06  9.38E-07  6.05E-07  4.97E-07  3.27E-07
  10800.    .926    7.88E-07  6.90E-07  5.25E-07  3.62E-07  3.49E-07  2.39E-07
  11000.    .909    5.20E-07  4.98E-07  3.53E-07  2.84E-07  2.73E-07  1.97E-07
  11200.    .893    4.01E-07  3.79E-07  2.65E-07  2.33E-07  2.35E-07  1.71E-07
  11400.    .877    3.21E-07  2.92E-07  2.24E-07  2.02E-07  1.70E-07  1.52E-07
  11600.    .862    2.72E-07  2.50E-07  2.07E-07  1.83E-07  1.48E-07  1.34E-07
  11800.    .847    2.44E-07  2.27E-07  1.87E-07  1.58E-07  1.29E-07  1.17E-07
  12000.    .833    1.92E-07  1.73E-07  1.42E-07  1.24E-07  1.07E-07  9.95E-08
  12200.    .820    1.25E-07  1.14E-07  1.04E-07  9.98E-08  8.94E-08  8.35E-08
  12400.    .806    1.17E-07  1.01E-07  9.18E-08  8.79E-08  7.51E-08  7.06E-08
  12600.    .794    1.24E-07  1.07E-07  9.28E-08  8.46E-08  6.57E-08  5.87E-08
  12800.    .781    1.32E-07  1.14E-07  9.51E-08  8.39E-08  6.09E-08  4.85E-08
  13000.    .769    1.43E-07  1.21E-07  9.92E-08  8.20E-08  4.90E-08  3.92E-08
  13200.    .758    1.55E-07  1.25E-07  1.04E-07  7.84E-08  3.92E-08  3.13E-08
  13400.    .746    1.45E-07  1.18E-07  9.86E-08  6.83E-08  3.09E-08  2.26E-08
  13600.    .735    1.09E-07  8.89E-08  7.02E-08  4.80E-08  2.34E-08  0.00E+00
  13800.    .725    6.86E-08  5.94E-08  4.61E-08  3.58E-08  1.73E-08  0.00E+00
  14000.    .714    4.72E-08  3.87E-08  3.13E-08  2.79E-08  1.14E-08  0.00E+00
  14250.    .702    3.02E-08  2.46E-08  2.07E-08  2.07E-08  0.00E+00  0.00E+00
  18000.    .556    0.00E+00  0.00E+00  0.00E+00  0.00E+00  0.00E+00  0.00E+00
  22250.    .449    0.00E+00  0.00E+00  0.00E+00  0.00E+00  0.00E+00  0.00E+00
  22450.    .445    0.00E+00  0.00E+00  0.00E+00  0.00E+00  0.00E+00  0.00E+00
  27800.    .360    0.00E+00  0.00E+00  0.00E+00  0.00E+00  0.00E+00  0.00E+00

