# wavelength[um] extinction_xsection[m^2/kg] ssa g
3.600000e-01 1.025387e+03 1.000000e+00 7.387522e-01
4.450000e-01 1.002665e+03 1.000000e+00 7.351093e-01
4.490000e-01 1.005531e+03 1.000000e+00 8.057440e-01
5.560000e-01 1.030898e+03 1.000000e+00 7.723021e-01
7.020000e-01 6.681008e+02 9.999995e-01 5.440729e-01
7.140000e-01 7.140248e+02 9.999993e-01 5.699986e-01
7.250000e-01 7.615195e+02 9.999991e-01 5.686363e-01
7.350000e-01 8.022591e+02 9.999988e-01 5.495498e-01
7.460000e-01 8.020937e+02 9.999983e-01 5.122833e-01
7.580000e-01 7.358432e+02 9.999982e-01 5.177040e-01
7.690000e-01 7.363517e+02 9.999983e-01 5.569109e-01
7.810000e-01 7.896629e+02 9.999984e-01 5.907894e-01
7.940000e-01 8.663591e+02 9.999984e-01 6.089576e-01
8.060000e-01 9.349602e+02 9.999984e-01 6.092287e-01
8.200000e-01 9.727870e+02 9.999982e-01 5.921866e-01
8.330000e-01 9.388162e+02 9.999979e-01 5.954502e-01
8.470000e-01 9.301227e+02 9.999975e-01 6.285527e-01
8.620000e-01 9.920317e+02 9.999974e-01 6.664808e-01
8.770000e-01 1.078712e+03 9.999973e-01 6.863252e-01
8.930000e-01 1.174006e+03 9.999971e-01 6.916224e-01
9.090000e-01 1.239196e+03 9.999965e-01 6.850883e-01
9.260000e-01 1.228744e+03 9.999957e-01 6.807748e-01
9.430000e-01 1.218694e+03 9.999934e-01 6.999817e-01
9.620000e-01 1.260647e+03 9.999898e-01 7.267302e-01
9.800000e-01 1.342394e+03 9.999869e-01 7.477221e-01
1.000000e+00 1.435898e+03 9.999863e-01 7.575850e-01
1.020000e+00 1.507268e+03 9.999866e-01 7.574179e-01
1.042000e+00 1.513793e+03 9.999874e-01 7.514846e-01
1.064000e+00 1.494466e+03 9.999882e-01 7.547656e-01
1.087000e+00 1.509160e+03 9.999884e-01 7.659041e-01
1.111000e+00 1.561431e+03 9.999874e-01 7.786309e-01
1.136000e+00 1.628797e+03 9.999836e-01 7.890873e-01
1.163000e+00 1.680735e+03 9.999730e-01 7.948076e-01
1.190000e+00 1.682692e+03 9.999673e-01 7.946974e-01
1.220000e+00 1.647591e+03 9.999645e-01 7.945262e-01
1.250000e+00 1.626185e+03 9.999591e-01 7.967249e-01
1.266000e+00 1.627300e+03 9.999557e-01 7.973786e-01
1.282000e+00 1.634257e+03 9.999502e-01 7.987750e-01
1.299000e+00 1.645217e+03 9.999425e-01 8.001812e-01
1.316000e+00 1.657161e+03 9.999310e-01 8.009186e-01
1.333000e+00 1.665409e+03 9.999136e-01 8.022263e-01
1.351000e+00 1.669233e+03 9.998920e-01 8.028114e-01
1.370000e+00 1.661685e+03 9.998577e-01 8.038153e-01
1.389000e+00 1.643208e+03 9.997852e-01 8.045921e-01
1.408000e+00 1.616517e+03 9.996600e-01 8.052379e-01
1.429000e+00 1.583507e+03 9.995189e-01 8.058519e-01
1.449000e+00 1.556750e+03 9.994484e-01 8.058753e-01
1.471000e+00 1.529035e+03 9.994160e-01 8.064146e-01
1.493000e+00 1.507693e+03 9.993904e-01 8.067159e-01
1.515000e+00 1.491663e+03 9.993592e-01 8.066674e-01
1.538000e+00 1.481679e+03 9.993018e-01 8.057916e-01
1.562000e+00 1.469600e+03 9.992211e-01 8.049537e-01
1.587000e+00 1.452196e+03 9.991145e-01 8.040863e-01
1.613000e+00 1.433618e+03 9.989778e-01 8.024747e-01
1.639000e+00 1.409224e+03 9.988045e-01 8.005447e-01
1.667000e+00 1.381168e+03 9.985971e-01 7.977369e-01
1.695000e+00 1.343110e+03 9.983635e-01 7.948392e-01
1.724000e+00 1.300980e+03 9.981045e-01 7.915383e-01
1.754000e+00 1.253494e+03 9.977618e-01 7.884193e-01
1.786000e+00 1.212093e+03 9.974351e-01 7.851240e-01
1.818000e+00 1.176039e+03 9.971719e-01 7.825102e-01
1.852000e+00 1.143569e+03 9.968733e-01 7.805884e-01
1.887000e+00 1.110706e+03 9.958096e-01 7.799084e-01
1.923000e+00 1.083723e+03 9.941413e-01 7.794786e-01
1.961000e+00 1.052351e+03 9.933824e-01 7.795161e-01
2.000000e+00 1.019177e+03 9.931628e-01 7.793470e-01
2.041000e+00 9.820276e+02 9.927945e-01 7.785843e-01
2.083000e+00 9.410541e+02 9.923349e-01 7.767673e-01
2.128000e+00 8.907912e+02 9.916390e-01 7.733985e-01
2.174000e+00 8.390222e+02 9.907383e-01 7.678797e-01
2.222000e+00 7.833436e+02 9.896570e-01 7.599558e-01
2.273000e+00 7.337328e+02 9.882146e-01 7.495231e-01
2.326000e+00 6.813268e+02 9.863925e-01 7.375344e-01
2.381000e+00 6.378378e+02 9.839562e-01 7.251417e-01
2.439000e+00 5.925910e+02 9.796221e-01 7.135453e-01
2.500000e+00 5.454957e+02 9.730984e-01 7.041563e-01
2.564000e+00 4.825395e+02 1.000000e+00 6.957707e-01
2.632000e+00 4.269371e+02 1.000000e+00 6.930577e-01
2.688000e+00 3.776537e+02 1.000000e+00 6.935885e-01
2.725000e+00 3.418489e+02 9.401777e-01 6.987989e-01
2.762000e+00 3.276063e+02 8.159526e-01 7.049544e-01
2.770000e+00 3.297070e+02 7.825403e-01 7.061120e-01
2.833000e+00 3.626760e+02 6.014606e-01 7.095980e-01
2.841000e+00 3.702117e+02 5.850200e-01 7.095658e-01
2.882000e+00 3.989339e+02 5.255156e-01 7.084450e-01
2.915000e+00 4.188127e+02 5.061639e-01 7.060690e-01
2.941000e+00 4.263011e+02 4.985023e-01 7.038966e-01
2.985000e+00 4.345610e+02 4.821831e-01 7.002674e-01
3.021000e+00 4.395773e+02 4.676557e-01 6.971282e-01
3.077000e+00 4.465803e+02 4.445252e-01 6.917284e-01
3.175000e+00 4.738365e+02 4.121522e-01 6.807068e-01
3.279000e+00 5.049202e+02 4.003184e-01 6.674452e-01
3.344000e+00 5.244709e+02 4.014868e-01 6.588271e-01
3.413000e+00 5.309062e+02 4.114852e-01 6.492782e-01
3.472000e+00 5.379103e+02 4.168960e-01 6.408780e-01
3.559000e+00 5.325261e+02 4.360312e-01 6.279551e-01
3.623000e+00 5.134329e+02 4.494769e-01 6.169917e-01
3.690000e+00 4.934348e+02 4.570000e-01 6.042877e-01
3.759000e+00 4.694111e+02 4.599137e-01 5.895210e-01
3.817000e+00 4.548716e+02 4.587847e-01 5.767760e-01
3.846000e+00 4.465884e+02 4.573170e-01 5.699847e-01
3.861000e+00 4.436894e+02 4.562319e-01 5.665959e-01
3.906000e+00 4.351689e+02 4.530229e-01 5.563120e-01
3.953000e+00 4.276339e+02 4.507178e-01 5.456918e-01
4.000000e+00 4.199603e+02 4.510984e-01 5.351599e-01
4.082000e+00 4.050644e+02 4.508963e-01 5.162442e-01
4.149000e+00 3.888461e+02 4.506587e-01 4.998916e-01
4.219000e+00 3.778811e+02 4.592096e-01 4.847979e-01
4.274000e+00 3.523641e+02 4.610199e-01 4.689449e-01
4.292000e+00 3.465970e+02 4.597769e-01 4.641574e-01
4.367000e+00 3.344599e+02 4.375448e-01 4.456334e-01
4.464000e+00 3.289508e+02 4.179697e-01 4.252958e-01
4.587000e+00 3.184670e+02 4.082245e-01 4.012088e-01
4.717000e+00 2.972714e+02 4.040207e-01 3.756926e-01
4.808000e+00 2.834005e+02 3.940023e-01 3.585054e-01
4.950000e+00 2.651459e+02 3.663616e-01 3.332315e-01
5.102000e+00 2.583957e+02 3.266014e-01 3.099412e-01
5.181000e+00 2.580878e+02 3.059485e-01 2.990618e-01
5.263000e+00 2.606787e+02 2.854400e-01 2.886792e-01
5.319000e+00 2.637101e+02 2.721334e-01 2.820101e-01
5.376000e+00 2.690410e+02 2.581420e-01 2.756024e-01
5.435000e+00 2.776269e+02 2.465527e-01 2.696812e-01
5.495000e+00 2.862976e+02 2.370136e-01 2.639150e-01
5.556000e+00 2.968594e+02 2.302580e-01 2.585957e-01
5.618000e+00 3.087749e+02 2.278531e-01 2.538498e-01
5.650000e+00 3.117528e+02 2.290308e-01 2.514040e-01
5.682000e+00 3.143303e+02 2.294577e-01 2.488830e-01
5.747000e+00 3.214077e+02 2.293677e-01 2.439594e-01
5.814000e+00 3.286056e+02 2.376448e-01 2.400310e-01
5.882000e+00 3.186878e+02 2.504963e-01 2.351413e-01
5.952000e+00 3.038010e+02 2.598876e-01 2.293219e-01
6.024000e+00 2.878584e+02 2.682276e-01 2.232470e-01
6.061000e+00 2.786544e+02 2.731860e-01 2.201206e-01
6.098000e+00 2.673971e+02 2.802616e-01 2.169635e-01
6.135000e+00 2.534641e+02 2.884423e-01 2.135722e-01
6.173000e+00 2.363526e+02 2.930617e-01 2.094399e-01
6.211000e+00 2.236517e+02 2.942610e-01 2.056080e-01
6.250000e+00 2.123423e+02 2.908334e-01 2.016313e-01
6.329000e+00 1.956449e+02 2.828783e-01 1.944885e-01
6.410000e+00 1.824780e+02 2.701980e-01 1.876633e-01
6.494000e+00 1.727564e+02 2.526319e-01 1.810815e-01
6.536000e+00 1.683624e+02 2.448330e-01 1.779994e-01
6.579000e+00 1.634634e+02 2.343056e-01 1.747308e-01
6.623000e+00 1.605487e+02 2.206834e-01 1.715102e-01
6.667000e+00 1.611884e+02 2.061847e-01 1.686227e-01
6.711000e+00 1.620983e+02 1.933849e-01 1.658696e-01
6.803000e+00 1.631760e+02 1.713580e-01 1.603800e-01
6.897000e+00 1.640746e+02 1.551180e-01 1.552513e-01
6.993000e+00 1.575825e+02 1.338932e-01 1.493624e-01
7.092000e+00 1.659490e+02 1.108719e-01 1.441367e-01
7.194000e+00 1.739904e+02 9.117675e-02 1.388455e-01
7.299000e+00 1.882084e+02 7.522623e-02 1.336901e-01
7.353000e+00 1.994255e+02 6.844882e-02 1.310575e-01
7.463000e+00 2.386427e+02 6.395226e-02 1.263392e-01
7.576000e+00 2.866138e+02 6.874930e-02 1.223564e-01
7.634000e+00 3.083405e+02 7.208144e-02 1.205144e-01
7.752000e+00 3.425837e+02 7.728435e-02 1.167765e-01
7.874000e+00 3.771401e+02 8.171322e-02 1.126751e-01
8.000000e+00 4.271943e+02 8.930980e-02 1.084514e-01
8.065000e+00 4.517851e+02 9.350637e-02 1.064453e-01
8.130000e+00 4.855848e+02 9.996220e-02 1.044810e-01
8.264000e+00 5.322275e+02 1.113717e-01 1.014065e-01
8.403000e+00 5.623147e+02 1.222543e-01 9.903091e-02
8.547000e+00 5.730704e+02 1.337189e-01 9.790115e-02
8.621000e+00 5.647624e+02 1.390427e-01 9.814827e-02
8.696000e+00 5.495329e+02 1.453508e-01 9.908862e-02
8.850000e+00 4.836553e+02 1.520354e-01 1.014669e-01
8.929000e+00 4.474149e+02 1.525488e-01 1.016888e-01
9.009000e+00 4.145050e+02 1.502617e-01 1.008032e-01
9.091000e+00 3.886324e+02 1.448852e-01 9.882990e-02
9.174000e+00 3.746071e+02 1.361623e-01 9.588280e-02
9.259000e+00 3.833540e+02 1.260686e-01 9.215860e-02
9.346000e+00 4.098996e+02 1.241143e-01 8.940712e-02
9.434000e+00 4.348932e+02 1.290065e-01 8.794755e-02
9.524000e+00 4.461198e+02 1.402518e-01 8.843624e-02
9.615000e+00 4.286529e+02 1.552220e-01 9.132701e-02
9.709000e+00 3.790513e+02 1.729733e-01 9.591399e-02
9.804000e+00 3.223263e+02 1.863486e-01 9.787631e-02
9.901000e+00 2.748876e+02 1.971612e-01 9.737095e-02
1.010100e+01 2.093542e+02 2.009095e-01 9.130262e-02
1.020400e+01 1.920841e+02 1.958674e-01 8.801952e-02
1.030900e+01 1.790701e+02 1.901975e-01 8.506543e-02
1.038400e+01 1.717428e+02 1.863464e-01 8.320062e-02
1.041700e+01 1.683441e+02 1.807530e-01 8.187515e-02
1.052600e+01 1.624199e+02 1.685162e-01 7.887431e-02
1.063800e+01 1.618454e+02 1.506960e-01 7.567843e-02
1.075300e+01 1.726797e+02 1.282295e-01 7.252240e-02
1.087000e+01 1.950755e+02 1.117352e-01 7.015353e-02
1.098900e+01 2.200291e+02 1.046797e-01 6.861785e-02
1.111100e+01 2.373101e+02 1.097287e-01 6.871578e-02
1.123600e+01 2.268122e+02 1.269648e-01 7.077201e-02
1.136400e+01 1.866571e+02 1.498415e-01 7.216232e-02
1.144200e+01 1.656892e+02 1.605361e-01 7.175066e-02
1.149400e+01 1.527577e+02 1.690852e-01 7.144763e-02
1.176500e+01 1.084338e+02 1.906249e-01 6.684240e-02
1.190500e+01 9.741922e+01 1.916744e-01 6.446603e-02
1.219500e+01 8.320696e+01 1.840912e-01 5.996083e-02
1.250000e+01 7.594634e+01 1.681198e-01 5.596229e-02
1.265800e+01 7.404660e+01 1.584717e-01 5.414007e-02
1.282100e+01 7.259973e+01 1.486822e-01 5.238115e-02
1.315800e+01 7.100822e+01 1.298516e-01 4.912321e-02
1.351400e+01 7.024629e+01 1.130329e-01 4.611478e-02
1.388900e+01 6.990434e+01 9.800238e-02 4.327570e-02
1.428600e+01 6.820224e+01 8.567605e-02 4.051407e-02
1.470600e+01 6.969749e+01 6.993995e-02 3.767862e-02
1.492500e+01 7.157059e+01 6.197079e-02 3.627621e-02
1.538500e+01 8.053858e+01 4.492025e-02 3.337270e-02
1.587300e+01 1.057316e+02 3.083280e-02 3.059678e-02
1.612900e+01 1.215948e+02 2.771299e-02 2.945976e-02
1.666700e+01 1.551749e+02 2.564776e-02 2.745331e-02
1.694900e+01 1.693713e+02 2.836195e-02 2.714343e-02
1.724100e+01 1.609838e+02 3.313888e-02 2.770985e-02
1.754400e+01 1.356919e+02 3.971443e-02 2.884923e-02
1.785700e+01 1.060325e+02 4.644456e-02 2.936748e-02
1.818200e+01 8.291390e+01 5.169842e-02 2.878105e-02
1.851900e+01 6.845028e+01 5.430300e-02 2.763043e-02
1.886800e+01 5.996682e+01 5.351682e-02 2.623873e-02
1.960800e+01 5.385137e+01 4.659039e-02 2.372782e-02
2.000000e+01 5.247794e+01 4.271560e-02 2.259583e-02
2.040800e+01 5.281772e+01 3.803038e-02 2.148925e-02
2.083300e+01 5.575868e+01 3.234207e-02 2.037030e-02
2.127700e+01 6.108378e+01 2.780671e-02 1.946774e-02
2.222200e+01 6.250363e+01 2.607933e-02 1.840618e-02
2.272700e+01 5.788141e+01 2.674045e-02 1.791916e-02
2.325600e+01 5.155544e+01 2.836079e-02 1.748041e-02
2.439000e+01 3.652979e+01 3.257426e-02 1.616527e-02
2.500000e+01 3.171734e+01 3.312464e-02 1.534238e-02
