#wavelength[um], real index of refraction, complex infex of refraction
0.151 2.005 0.526
0.153 1.962 0.484
0.155 1.907 0.45
0.157 1.848 0.423
0.159 1.79 0.405
0.161 1.737 0.399
0.163 1.692 0.423
0.165 1.659 0.473
0.168 1.648 0.534
0.17 1.672 0.593
0.172 1.723 0.653
0.175 1.782 0.702
0.177 1.833 0.727
0.18 1.868 0.725
0.182 1.883 0.709
0.185 1.891 0.684
0.188 1.903 0.67
0.191 1.923 0.672
0.194 1.951 0.678
0.197 1.984 0.68
0.2 2.018 0.667
0.203 2.043 0.655
0.207 2.063 0.643
0.21 2.085 0.623
0.214 2.097 0.592
0.218 2.103 0.566
0.221 2.102 0.541
0.225 2.101 0.515
0.23 2.096 0.487
0.234 2.087 0.461
0.238 2.082 0.438
0.243 2.077 0.421
0.248 2.076 0.41
0.253 2.074 0.403
0.258 2.062 0.393
0.264 2.042 0.378
0.269 2.015 0.363
0.275 1.985 0.356
0.282 1.99 0.37
0.288 2.065 0.435
0.295 2.15 0.516
0.302 2.217 0.552
0.31 2.275 0.539
0.318 2.322 0.498
0.326 2.353 0.435
0.335 2.38 0.37
0.344 2.395 0.313
0.354 2.376 0.249
0.36 2.36 0.0287
0.365 2.339 0.0
0.376 2.293 0.0
0.387 2.247 0.0
0.394 2.23 0.0
0.425 2.16 0.000338
0.448 2.13 3.56e-05
0.471 2.09 3.75e-06
0.5 0.0 0.0
0.51 2.02 1.22e-06
0.52 2.02 9.31e-07
0.53 2.01 8.44e-07
0.54 2.01 7.52e-07
0.55 2.0 7.11e-07
0.56 2.0 6.68e-07
0.57 1.99 6.24e-07
0.58 1.99 6e-07
0.59 1.98 5.87e-07
0.6 1.99 0.0
0.65 1.98 0.0
0.7 1.97 3.3e-07
0.75 1.97 3.3e-07
0.8 1.96 3.2e-07
0.85 1.955 3.12e-07
0.9 1.95 3.05e-07
0.95 1.95 2.98e-07
1.0 1.95 2.9e-07
1.05 1.947 2.94e-07
1.1 1.945 2.98e-07
1.15 1.942 3.01e-07
1.2 1.94 3.05e-07
1.25 1.94 3.09e-07
1.3 1.94 3.12e-07
1.35 1.94 3.16e-07
1.4 1.94 3.2e-07
1.45 1.94 3.21e-07
1.5 1.94 3.22e-07
1.55 1.94 3.23e-07
1.6 1.94 3.23e-07
1.65 1.94 3.24e-07
1.7 1.94 3.25e-07
1.75 1.94 3.26e-07
1.8 1.94 3.27e-07
1.85 1.94 3.28e-07
1.9 1.94 3.28e-07
1.95 1.94 3.29e-07
2.0 0.0 0.0
2.22 1.926 0.0
2.5 1.926 0.0
2.86 1.926 0.0
3.33 1.926 0.0
4.0 1.926 0.0
5.0 1.926 0.0
6.67 1.926 0.0
6.71 1.925 0.0
6.76 1.925 0.0
6.8 1.925 0.0
6.85 1.925 0.0
6.9 1.925 0.0
6.94 1.925 0.0
6.99 1.925 0.0
7.04 1.925 0.0
7.09 1.924 0.0
7.14 1.924 0.0
7.17 1.924 3.03e-05
7.19 1.924 3.15e-05
7.22 1.924 3.29e-05
7.25 1.924 3.56e-05
7.27 1.924 3.74e-05
7.3 1.924 3.96e-05
7.33 1.924 4.29e-05
7.35 1.924 4.65e-05
7.38 1.924 5.54e-05
7.41 1.924 6.6e-05
7.43 1.923 7.9e-05
7.46 1.923 9.26e-05
7.49 1.923 0.000108
7.52 1.923 0.000127
7.55 1.922 0.000148
7.58 1.921 0.000166
7.61 1.921 0.000192
7.63 1.92 0.000211
7.66 1.921 0.000217
7.69 1.921 0.000218
7.72 1.921 0.000216
7.75 1.922 0.000213
7.78 1.923 0.000206
7.81 1.923 0.000184
7.84 1.924 0.000158
7.87 1.926 0.000132
7.91 1.926 0.000101
7.94 1.927 7.71e-05
7.97 1.927 6.24e-05
8.0 1.927 4.57e-05
8.03 1.927 3.29e-05
8.06 1.927 2.58e-05
8.1 1.927 1.87e-05
8.13 1.927 1.54e-05
8.16 1.927 1.32e-05
8.2 1.927 1.1e-05
8.23 1.927 9.79e-06
8.26 1.927 8.15e-06
8.3 1.927 7.34e-06
8.33 1.927 6.1e-06
8.37 1.927 5.84e-06
8.4 1.927 5.06e-06
8.44 1.927 5.08e-06
8.48 1.927 4.29e-06
8.51 1.927 4.33e-06
8.55 1.927 4.35e-06
8.58 1.927 3.57e-06
8.62 1.927 2.77e-06
8.66 1.927 3.43e-06
8.7 1.927 2.79e-06
8.73 1.927 3.17e-06
8.77 1.927 3.02e-06
8.81 1.927 3.67e-06
8.85 1.927 3.19e-06
8.89 1.927 4.31e-06
8.93 1.927 4.49e-06
8.97 1.927 4.56e-06
9.01 1.927 4.82e-06
9.05 1.927 4.64e-06
9.09 1.927 5.47e-06
9.13 1.927 6.9e-06
9.17 1.927 8.12e-06
9.22 1.927 8.72e-06
9.26 1.927 1.02e-05
9.3 1.927 1.09e-05
9.35 1.927 1.33e-05
9.39 1.927 1.52e-05
9.43 1.927 1.75e-05
9.48 1.927 2.07e-05
9.52 1.927 2.14e-05
9.57 1.927 2.33e-05
9.61 1.927 2.34e-05
9.66 1.927 2.23e-05
9.71 1.927 1.87e-05
9.76 1.927 1.56e-05
9.8 1.927 1.35e-05
9.85 1.927 1.07e-05
9.9 1.927 1.18e-05
9.95 1.927 1.24e-05
10.0 1.927 1.3e-05
10.1 1.927 2.6e-05
10.1 1.927 3.04e-05
10.1 1.926 3.31e-05
10.2 1.926 2.89e-05
10.3 1.926 3.49e-05
10.3 1.926 3.95e-05
10.4 1.926 4.33e-05
10.4 1.926 5.79e-05
10.5 1.926 9.12e-05
10.5 1.926 0.000161
10.6 1.926 0.000296
10.6 1.926 0.00043
10.7 1.926 0.000434
10.8 1.925 0.000315
10.8 1.926 0.000198
10.9 1.926 0.00015
10.9 1.926 0.000157
11.0 1.926 0.000262
11.1 1.926 0.000312
11.1 1.926 0.00028
11.2 1.926 0.000301
11.2 1.926 0.00042
11.3 1.926 0.000607
11.4 1.926 0.000848
11.4 1.926 0.00102
11.5 1.926 1.19
11.6 1.925 0.00131
11.6 1.924 0.00167
11.7 1.924 0.00237
11.8 1.924 0.00334
11.8 1.924 0.00419
11.9 1.925 0.00307
12.0 1.926 0.0022
12.1 1.926 0.00149
12.1 1.926 0.00109
12.2 1.926 0.00081
12.3 1.926 0.000647
12.4 1.926 0.000486
12.4 1.926 0.000297
12.5 1.926 0.0002
12.6 1.926 0.000141
12.7 1.926 0.000103
12.7 1.926 7.16e-05
12.8 1.925 4.42e-05
12.9 1.925 2.96e-05
13.0 1.925 2.57e-05
13.1 1.925 2.62e-05
13.2 1.925 2.69e-05
13.2 1.924 3.44e-05
13.3 1.924 4.22e-05
13.4 1.924 5.25e-05
13.5 1.924 6.95e-05
13.6 1.923 9.64e-05
13.7 1.923 0.000134
13.8 1.923 0.000201
13.9 1.923 0.000425
14.0 1.923 0.000593
14.1 1.922 0.000612
14.2 1.921 0.000502
14.3 1.92 0.000447
14.4 1.919 0.0
14.5 1.919 0.000364
14.6 1.919 0.000478
14.7 1.919 0.000569
14.8 1.918 0.000671
14.9 1.918 0.000872
15.0 1.919 0.00103
15.1 1.92 0.00111
15.3 1.922 0.000994
15.4 1.924 0.000666
15.5 1.927 0.00044
15.6 1.93 0.000368
15.8 1.931 0.000373
15.9 1.933 0.000443
16.0 1.933 0.00056
16.1 1.932 0.000609
16.3 1.931 0.000524
16.4 1.93 0.000409
16.5 1.93 0.000378
16.7 1.93 0.000401
16.8 1.93 0.000494
17.0 1.93 0.000705
17.1 1.929 0.000801
17.2 1.929 0.000628
