# Molecular absorber
3
SO2 CO2 H2O
# Molecule data files
tab_so2.txt                             
tab_co2.txt                             
tab_h2o.txt                             
# Wavenumber range
250           438           1881          
# Relative temperature range
-80           80            5             
# Number of vertical levels
80
# Temperature
149.473       157.229       164.982       164.514       152.401       132.243       135.117       142.425       149.714       157.005       
164.067       166.155       158.552       151.133       149.331       152.239       155.1         157.97        157.911       155.539       
155.252       156.309       157.087       157.386       157.605       157.844       158.249       158.548       159           159.33        
159.845       160.218       160.815       161.244       161.939       162.439       163.257       163.85        164.827       165.558       
166.796       167.948       169.097       170.34        171.603       173.017       174.467       176.115       177.81        179.803       
182.097       184.309       186.461       188.568       190.652       192.725       194.798       196.877       198.969       201.077       
202.84        203.393       204.297       204.726       206.328       208.464       210.603       212.747       214.898       217.058       
219.231       221.417       223.619       225.839       228.079       230.34        232.623       234.93        237.262       239.62        
# Pressure
1.42932       1.71306       2.03484       2.3976        2.8263        3.37554       4.14222       5.06082       6.12          7.3326        
8.712         10.275        12.0924       14.3436       17.1564       20.5656       24.5664       29.25         34.7166       41.2074       
49.0392       58.3788       69.414        82.47         97.938        116.292       138.042       163.788       194.28        230.328       
272.976       323.34        382.848       453.018       535.812       633.3         748.08        883.02        1041.6        1227.48       
1445.46       1700.1        1997.4        2344.08       2747.76       3217.2        3761.94       4393.26       5123.04       5965.32       
6934.2        8045.4        9318          10773.6       12436.8       14333.4       16494.6       18953.4       21746.4       24915         
28504.8       32574         37210.2       42481.2       48485.4       55281         62946         71580         81288         92196         
104442        118164        133530        150708        169896        191304        215154        241704        271218        303990        
